0.0000	-0.256
0.0500	-1.170
0.1000	-1.813
0.1500	-1.715
0.2000	-0.949
0.2500	-0.093
0.3000	0.123
0.3500	-0.509
0.4000	-1.422
0.4500	-1.866
0.5000	-1.536
0.5500	-0.664
0.6000	0.063
0.6500	0.009
0.7000	-0.792
0.7500	-1.629
0.8000	-1.850
0.8500	-1.307
0.9000	-0.393
0.9500	0.143
1.0000	-0.178
1.0500	-1.076
1.1000	-1.778
1.1500	-1.759
1.2000	-1.040
1.2500	-0.159
1.3000	0.141
1.3500	-0.423
1.4000	-1.343
1.4500	-1.855
1.5000	-1.602
1.5500	-0.757
1.6000	0.019
1.6500	0.055
1.7000	-0.697
1.7500	-1.568
1.8000	-1.863
1.8500	-1.390
1.9000	-0.482
1.9500	0.126
2.0000	-0.110
2.0500	-0.982
2.1000	-1.737
2.1500	-1.799
2.2000	-1.133
2.2500	-0.236
2.3000	0.151
2.3500	-0.333
2.4000	-1.255
2.4500	-1.838
2.5000	-1.663
2.5500	-0.856
2.6000	-0.035
2.6500	0.094
2.7000	-0.597
2.7500	-1.494
2.8000	-1.868
2.8500	-1.470
2.9000	-0.576
2.9500	0.097
3.0000	-0.044
3.0500	-0.884
3.1000	-1.684
3.1500	-1.830
3.2000	-1.227
3.2500	-0.317
3.3000	0.151
3.3500	-0.248
3.4000	-1.162
3.4500	-1.810
3.5000	-1.720
3.5500	-0.957
3.6000	-0.099
3.6500	0.124
3.7000	-0.503
3.7500	-1.417
3.8000	-1.866
3.8500	-1.543
3.9000	-0.674
3.9500	0.058
4.0000	0.014
4.0500	-0.782
4.1000	-1.624
4.1500	-1.852
4.2000	-1.315
4.2500	-0.402
4.3000	0.141
4.3500	-0.170
4.4000	-1.065
4.4500	-1.773
4.5000	-1.766
4.5500	-1.054
4.6000	-0.170
4.6500	0.143
4.7000	-0.408
4.7500	-1.329
4.8000	-1.854
4.8500	-1.613
4.9000	-0.774
4.9500	0.009
5.0000	0.063
5.0500	-0.677
5.1000	-1.554
5.1500	-1.866
5.2000	-1.409
5.2500	-0.503
5.3000	0.119
5.3500	-0.093
5.4000	-0.961
5.4500	-1.726
5.5000	-1.806
5.5500	-1.156
5.6000	-0.253
5.6500	0.152
5.7000	-0.314
5.7500	-1.236
5.8000	-1.832
5.8500	-1.676
5.9000	-0.877
5.9500	-0.049
6.0000	0.102
6.0500	-0.576
6.1000	-1.478
6.1500	-1.868
6.2000	-1.488
6.2500	-0.598
6.3000	0.090
6.3500	-0.030
6.4000	-0.859
6.4500	-1.670
6.5000	-1.836
6.5500	-1.250
6.6000	-0.338
6.6500	0.149
6.7000	-0.229
6.7500	-1.139
6.8000	-1.803
6.8500	-1.733
6.9000	-0.980
6.9500	-0.116
7.0000	0.129
7.0500	-0.478
7.1000	-1.396
7.1500	-1.863
7.2000	-1.561
7.2500	-0.699
7.3000	0.047
7.3500	0.027
7.4000	-0.757
7.4500	-1.608
7.5000	-1.855
7.5500	-1.338
7.6000	-0.426
7.6500	0.137
7.7000	-0.149
7.7500	-1.038
7.8000	-1.762
7.8500	-1.777
7.9000	-1.079
7.9500	-0.188
8.0000	0.146
8.0500	-0.385
8.1000	-1.308
8.1500	-1.849
8.2000	-1.627
8.2500	-0.798
8.3000	-0.002
8.3500	0.072
8.4000	-0.658
8.4500	-1.538
8.5000	-1.868
8.5500	-1.425
8.6000	-0.522
8.6500	0.113
8.7000	-0.080
8.7500	-0.939
8.8000	-1.715
8.8500	-1.813
8.9000	-1.175
8.9500	-0.270
9.0000	0.152
9.0500	-0.295
9.1000	-1.217
9.1500	-1.827
9.2000	-1.689
9.2500	-0.897
9.3000	-0.061
9.3500	0.108
9.4000	-0.556
9.4500	-1.461
9.5000	-1.868
9.5500	-1.505
9.6000	-0.620
9.6500	0.082
9.7000	-0.017
9.7500	-0.837
9.8000	-1.657
9.8500	-1.841
9.9000	-1.269
9.9500	-0.357
10.0000	0.148
10.0500	-0.212
10.1000	-1.120
10.1500	-1.795
10.2000	-1.740
10.2500	-1.001
10.3000	-0.130
10.3500	0.134
10.4000	-0.462
10.4500	-1.381
10.5000	-1.861
10.5500	-1.574
10.6000	-0.716
10.6500	0.038
10.7000	0.036
10.7500	-0.738
10.8000	-1.596
10.8500	-1.858
10.9000	-1.352
10.9500	-0.441
11.0000	0.134
11.0500	-0.138
11.1000	-1.026
11.1500	-1.756
11.2000	-1.783
11.2500	-1.093
11.3000	-0.199
11.3500	0.149
11.4000	-0.372
11.4500	-1.294
11.5000	-1.847
11.5500	-1.637
11.6000	-0.812
11.6500	-0.011
11.7000	0.077
11.7500	-0.642
11.8000	-1.528
11.8500	-1.868
11.9000	-1.436
11.9500	-0.536
12.0000	0.110
12.0500	-0.071
12.1000	-0.928
12.1500	-1.709
12.2000	-1.816
12.2500	-1.186
12.3000	-0.281
12.3500	0.152
12.4000	-0.284
12.4500	-1.203
12.5000	-1.824
12.5500	-1.695
12.6000	-0.909
12.6500	-0.069
12.7000	0.112
12.7500	-0.542
12.8000	-1.448
12.8500	-1.868
12.9000	-1.514
12.9500	-0.633
13.0000	0.077
13.0500	-0.011
13.1000	-0.825
13.1500	-1.651
13.2000	-1.844
13.2500	-1.277
13.3000	-0.364
13.3500	0.146
13.4000	-0.204
13.4500	-1.109
13.5000	-1.791
13.5500	-1.747
13.6000	-1.012
13.6500	-0.138
13.7000	0.137
13.7500	-0.448
13.8000	-1.368
13.8500	-1.860
13.9000	-1.585
13.9500	-0.734
14.0000	0.031
14.0500	0.044
14.1000	-0.724
14.1500	-1.585
14.2000	-1.860
14.2500	-1.367
14.3000	-0.456
14.3500	0.130
14.4000	-0.127
14.4500	-1.008
14.5000	-1.748
14.5500	-1.789
14.6000	-1.107
14.6500	-0.212
14.7000	0.149
14.7500	-0.358
14.8000	-1.282
14.8500	-1.844
14.9000	-1.645
14.9500	-0.826
15.0000	-0.017
15.0500	0.083
15.1000	-0.630
15.1500	-1.517
15.2000	-1.868
15.2500	-1.447
15.3000	-0.548
15.3500	0.107
15.4000	-0.063
15.4500	-0.913
15.5000	-1.701
15.5500	-1.821
15.6000	-1.199
15.6500	-0.291
15.7000	0.152
15.7500	-0.275
15.8000	-1.194
15.8500	-1.821
15.9000	-1.701
15.9500	-0.922
16.0000	-0.077
16.0500	0.116
16.1000	-0.533
16.1500	-1.440
16.2000	-1.868
16.2500	-1.521
16.3000	-0.641
16.3500	0.074
16.4000	-0.005
16.4500	-0.812
16.5000	-1.643
16.5500	-1.846
16.6000	-1.288
16.6500	-0.375
16.7000	0.146
16.7500	-0.195
16.8000	-1.100
16.8500	-1.786
16.9000	-1.751
16.9500	-1.021
17.0000	-0.145
17.0500	0.138
17.1000	-0.440
17.1500	-1.360
17.2000	-1.858
17.2500	-1.590
17.3000	-0.738
17.3500	0.028
17.4000	0.046
17.4500	-0.718
17.5000	-1.582
17.5500	-1.860
17.6000	-1.370
17.6500	-0.462
17.7000	0.130
17.7500	-0.123
17.8000	-1.002
17.8500	-1.745
17.9000	-1.791
17.9500	-1.114
18.0000	-0.217
18.0500	0.151
18.1000	-0.352
18.1500	-1.274
18.2000	-1.843
18.2500	-1.649
18.3000	-0.833
18.3500	-0.022
18.4000	0.086
18.4500	-0.624
18.5000	-1.514
18.5500	-1.868
18.6000	-1.450
18.6500	-0.551
18.7000	0.105
18.7500	-0.060
18.8000	-0.911
18.8500	-1.700
18.9000	-1.821
18.9500	-1.200
19.0000	-0.291
19.0500	0.152
19.1000	-0.275
19.1500	-1.194
19.2000	-1.821
19.2500	-1.700
19.3000	-0.917
19.3500	-0.074
19.4000	0.115
19.4500	-0.537
19.5000	-1.447
19.5500	-1.868
19.6000	-1.514
19.6500	-0.635
19.7000	0.077
19.7500	-0.008
19.8000	-0.822
19.8500	-1.649
19.9000	-1.844
19.9500	-1.277
20.0000	-0.363
20.0500	0.148
20.1000	-0.206
20.1500	-1.111
20.2000	-1.791
20.2500	-1.745
20.3000	-1.005
20.3500	-0.135
20.4000	0.135
20.4500	-0.454
20.5000	-1.374
20.5500	-1.860
20.6000	-1.579
20.6500	-0.723
20.7000	0.036
20.7500	0.038
20.8000	-0.737
20.8500	-1.594
20.9000	-1.858
20.9500	-1.352
21.0000	-0.441
21.0500	0.135
21.1000	-0.138
21.1500	-1.023
21.2000	-1.756
21.2500	-1.783
21.3000	-1.090
21.3500	-0.198
21.4000	0.149
21.4500	-0.374
21.5000	-1.297
21.5500	-1.847
21.6000	-1.634
21.6500	-0.807
21.7000	-0.006
21.7500	0.077
21.8000	-0.650
21.8500	-1.533
21.9000	-1.866
21.9500	-1.428
22.0000	-0.525
22.0500	0.113
22.1000	-0.077
22.1500	-0.938
22.2000	-1.715
22.2500	-1.813
22.3000	-1.173
22.3500	-0.267
22.4000	0.152
22.4500	-0.298
22.5000	-1.221
22.5500	-1.828
22.6000	-1.684
22.6500	-0.889
22.7000	-0.057
22.7500	0.107
22.8000	-0.565
22.8500	-1.469
22.9000	-1.868
22.9500	-1.494
23.0000	-0.605
23.0500	0.088
23.1000	-0.025
23.1500	-0.850
23.2000	-1.665
23.2500	-1.836
23.3000	-1.252
23.3500	-0.339
23.4000	0.149
23.4500	-0.229
23.5000	-1.140
23.5500	-1.802
23.6000	-1.729
23.6500	-0.977
23.7000	-0.112
23.7500	0.129
23.8000	-0.484
23.8500	-1.400
23.9000	-1.865
23.9500	-1.555
24.0000	-0.688
24.0500	0.053
24.1000	0.020
24.1500	-0.773
24.2000	-1.619
24.2500	-1.852
24.3000	-1.321
24.3500	-0.408
24.4000	0.141
24.4500	-0.167
24.5000	-1.063
24.5500	-1.772
24.6000	-1.764
24.6500	-1.049
24.7000	-0.165
24.7500	0.143
24.8000	-0.413
24.8500	-1.337
24.9000	-1.855
24.9500	-1.605
25.0000	-0.760
25.0500	0.017
25.1000	0.057
25.1500	-0.696
25.2000	-1.566
25.2500	-1.863
25.3000	-1.389
25.3500	-0.479
25.4000	0.126
25.4500	-0.112
25.5000	-0.988
25.5500	-1.739
25.6000	-1.797
25.6500	-1.129
25.7000	-0.228
25.7500	0.151
25.8000	-0.341
25.8500	-1.264
25.9000	-1.839
25.9500	-1.656
26.0000	-0.840
26.0500	-0.027
26.1000	0.090
26.1500	-0.614
26.2000	-1.508
26.2500	-1.868
26.3000	-1.453
26.3500	-0.558
26.4000	0.104
26.4500	-0.055
26.5000	-0.903
26.5500	-1.695
26.6000	-1.822
26.6500	-1.205
26.7000	-0.295
26.7500	0.152
26.8000	-0.270
26.8500	-1.188
26.9000	-1.817
26.9500	-1.706
27.0000	-0.928
27.0500	-0.080
27.1000	0.116
27.1500	-0.531
27.2000	-1.440
27.2500	-1.868
27.3000	-1.522
27.3500	-0.642
27.4000	0.072
27.4500	-0.003
27.5000	-0.817
27.5500	-1.645
27.6000	-1.846
27.6500	-1.285
27.7000	-0.371
27.7500	0.146
27.8000	-0.198
27.8500	-1.103
27.9000	-1.789
27.9500	-1.747
28.0000	-1.012
28.0500	-0.138
28.1000	0.137
28.1500	-0.446
28.2000	-1.367
28.2500	-1.860
28.3000	-1.583
28.3500	-0.727
28.4000	0.035
28.4500	0.041
28.5000	-0.730
28.5500	-1.590
28.6000	-1.860
28.6500	-1.360
28.7000	-0.448
28.7500	0.134
28.8000	-0.135
28.8500	-1.018
28.9000	-1.753
28.9500	-1.786
29.0000	-1.100
29.0500	-0.204
29.1000	0.149
29.1500	-0.369
29.2000	-1.294
29.2500	-1.847
29.3000	-1.637
29.3500	-0.812
29.4000	-0.009
29.4500	0.079
29.5000	-0.644
29.5500	-1.528
29.6000	-1.868
29.6500	-1.431
29.7000	-0.528
29.7500	0.112
29.8000	-0.074
29.8500	-0.931
29.9000	-1.711
29.9500	-1.814
30.0000	-1.180
30.0500	-0.273
30.1000	0.152
30.1500	-0.294
30.2000	-1.213
30.2500	-1.825
30.3000	-1.689
30.3500	-0.898
30.4000	-0.060
30.4500	0.108
30.5000	-0.561
30.5500	-1.464
30.6000	-1.869
30.6500	-1.502
30.7000	-0.616
30.7500	0.083
30.8000	-0.020
30.8500	-0.845
30.9000	-1.663
30.9500	-1.838
31.0000	-1.257
31.0500	-0.346
31.1000	0.149
31.1500	-0.223
31.2000	-1.134
31.2500	-1.800
31.3000	-1.733
31.3500	-0.982
31.4000	-0.116
31.4500	0.130
31.5000	-0.479
31.5500	-1.395
31.6000	-1.863
31.6500	-1.560
31.7000	-0.694
31.7500	0.050
31.8000	0.024
31.8500	-0.762
31.9000	-1.610
31.9500	-1.855
32.0000	-1.334
32.0500	-0.421
32.1000	0.138
32.1500	-0.157
32.2000	-1.051
32.2500	-1.767
32.3000	-1.772
32.3500	-1.067
32.4000	-0.179
32.4500	0.145
32.5000	-0.399
32.5500	-1.323
32.6000	-1.852
32.6500	-1.616
32.7000	-0.779
32.7500	0.006
32.8000	0.064
32.8500	-0.677
32.9000	-1.555
32.9500	-1.865
33.0000	-1.401
33.0500	-0.495
33.1000	0.121
33.1500	-0.097
33.2000	-0.966
33.2500	-1.729
33.3000	-1.803
33.3500	-1.148
33.4000	-0.243
33.4500	0.152
33.5000	-0.325
33.5500	-1.246
33.6000	-1.835
33.6500	-1.670
33.7000	-0.864
33.7500	-0.039
33.8000	0.096
33.8500	-0.595
33.9000	-1.494
33.9500	-1.869
34.0000	-1.472
34.0500	-0.580
34.1000	0.096
34.1500	-0.042
34.2000	-0.883
34.2500	-1.685
34.3000	-1.828
34.3500	-1.225
34.4000	-0.316
34.4500	0.151
34.5000	-0.253
34.5500	-1.169
34.6000	-1.813
34.6500	-1.715
34.7000	-0.947
34.7500	-0.093
34.8000	0.121
34.8500	-0.512
34.9000	-1.426
34.9500	-1.866
35.0000	-1.532
35.0500	-0.658
35.1000	0.066
35.1500	0.002
35.2000	-0.803
35.2500	-1.635
35.3000	-1.849
35.3500	-1.299
35.4000	-0.383
35.4500	0.145
35.5000	-0.188
35.5500	-1.090
35.6000	-1.784
35.6500	-1.755
35.7000	-1.029
35.7500	-0.151
35.8000	0.138
35.8500	-0.435
35.9000	-1.357
35.9500	-1.858
36.0000	-1.590
36.0500	-0.740
36.1000	0.027
36.1500	0.047
36.2000	-0.716
36.2500	-1.582
36.3000	-1.861
36.3500	-1.371
36.4000	-0.460
36.4500	0.130
36.5000	-0.124
36.5500	-1.004
36.6000	-1.747
36.6500	-1.791
36.7000	-1.112
36.7500	-0.215
36.8000	0.149
36.8500	-0.355
36.9000	-1.279
36.9500	-1.843
37.0000	-1.646
37.0500	-0.828
37.1000	-0.019
37.1500	0.083
