0.000000	6593.182000
0.001568	1.334419
0.003136	0.998537
0.004704	1.385034
0.006273	0.416686
0.007841	1.028439
0.009409	1.570375
0.010977	1.096041
0.012545	0.356289
0.014113	1.285180
0.015681	1.807360
0.017249	1.207097
0.018818	2.215451
0.020386	2.619281
0.021954	0.604559
0.023522	1.555378
0.025090	0.692492
0.026658	0.148283
0.028226	1.456566
0.029795	1.260643
0.031363	0.892821
0.032931	0.786179
0.034499	1.667750
0.036067	0.677375
0.037635	2.537218
0.039203	1.827581
0.040772	2.309211
0.042340	1.431191
0.043908	1.080473
0.045476	0.607581
0.047044	1.198096
0.048612	1.043383
0.050180	1.036706
0.051748	0.106571
0.053317	1.353805
0.054885	1.869289
0.056453	1.360445
0.058021	1.873086
0.059589	2.416285
0.061157	0.542392
0.062725	1.640403
0.064294	1.049892
0.065862	0.520356
0.067430	0.928291
0.068998	1.102779
0.070566	0.866041
0.072134	0.915698
0.073702	1.625877
0.075271	0.619786
0.076839	2.278536
0.078407	1.883209
0.079975	2.328845
0.081543	1.711345
0.083111	1.391608
0.084679	0.441428
0.086247	1.136822
0.087816	0.942917
0.089384	0.906327
0.090952	0.110243
0.092520	1.418119
0.094088	1.584632
0.095656	1.649487
0.097224	2.045793
0.098793	2.760068
0.100361	0.613469
0.101929	1.368082
0.103497	0.904182
0.105065	0.605506
0.106633	1.052184
0.108201	1.334426
0.109769	0.837415
0.111338	1.041132
0.112906	1.771840
0.114474	0.606622
0.116042	2.424728
0.117610	2.191121
0.119178	1.563732
0.120746	1.550334
0.122315	1.121838
0.123883	0.270606
0.125451	1.309509
0.127019	1.258566
0.128587	0.980660
0.130155	0.294378
0.131723	1.479063
0.133292	1.422128
0.134860	1.786935
0.136428	2.000179
0.137996	2.630554
0.139564	1.044123
0.141132	1.398263
0.142700	0.899265
0.144268	0.866841
0.145837	1.114178
0.147405	1.088582
0.148973	0.629520
0.150541	1.143216
0.152109	1.639555
0.153677	0.786720
0.155245	2.505330
0.156814	2.302014
0.158382	1.215135
0.159950	1.518649
0.161518	1.213972
0.163086	0.124089
0.164654	1.181521
0.166222	1.277977
0.167790	1.133780
0.169359	0.556132
0.170927	1.363203
0.172495	1.317909
0.174063	1.927209
0.175631	1.933605
0.177199	2.449633
0.178767	1.014344
0.180336	1.359805
0.181904	0.841427
0.183472	1.003945
0.185040	1.303605
0.186608	0.969962
0.188176	0.467621
0.189744	1.144798
0.191313	1.654963
0.192881	0.745385
0.194449	2.552529
0.196017	2.419491
0.197585	1.234166
0.199153	1.464158
0.200721	1.228927
0.202289	0.313885
0.203858	1.126892
0.205426	1.268112
0.206994	1.111738
0.208562	0.758194
0.210130	1.393804
0.211698	1.378259
0.213266	2.306859
0.214835	1.876090
0.216403	2.227570
0.217971	1.084386
0.219539	1.390580
0.221107	0.748624
0.222675	0.959013
0.224243	1.355687
0.225812	1.129021
0.227380	0.203619
0.228948	1.099979
0.230516	1.794085
0.232084	0.834116
0.233652	2.524727
0.235220	2.464964
0.236788	1.098981
0.238357	1.616245
0.239925	1.174294
0.241493	0.531628
0.243061	1.185452
0.244629	1.042347
0.246197	0.974431
0.247765	0.793412
0.249334	1.426772
0.250902	1.119325
0.252470	2.631924
0.254038	1.920341
0.255606	2.139148
0.257174	1.131247
0.258742	1.421539
0.260310	0.382504
0.261879	0.956842
0.263447	1.259638
0.265015	1.285592
0.266583	0.171653
0.268151	1.110350
0.269719	1.885306
0.271287	1.297499
0.272856	2.225184
0.274424	2.379308
0.275992	0.915719
0.277560	1.708504
0.279128	1.056761
0.280696	0.618706
0.282264	1.401794
0.283833	1.087280
0.285401	0.774432
0.286969	0.777606
0.288537	1.652975
0.290105	0.780850
0.291673	2.686095
0.293241	1.880547
0.294809	2.099078
0.296378	1.328987
0.297946	1.300133
0.299514	0.236307
0.301082	0.872063
0.302650	1.186883
0.304218	1.322034
0.305786	0.293142
0.307355	1.106111
0.308923	1.932829
0.310491	1.736317
0.312059	1.927325
0.313627	2.574484
0.315195	0.615987
0.316763	1.675945
0.318332	0.771752
0.319900	0.628462
0.321468	1.377482
0.323036	1.156545
0.324604	0.502068
0.326172	0.715133
0.327740	1.879809
0.329308	0.491509
0.330877	2.607531
0.332445	1.893253
0.334013	1.919713
0.335581	1.596154
0.337149	1.204534
0.338717	0.301834
0.340285	1.206385
0.341854	0.995359
0.343422	1.220894
0.344990	0.194999
0.346558	1.305146
0.348126	1.813240
0.349694	2.018764
0.351262	1.772080
0.352830	2.676687
0.354399	0.672598
0.355967	1.579778
0.357535	0.715469
0.359103	0.616077
0.360671	1.316763
0.362239	1.355575
0.363807	0.241929
0.365376	0.723763
0.366944	2.068084
0.368512	0.599430
0.370080	2.356367
0.371648	2.203407
0.373216	1.695632
0.374784	1.732507
0.376353	1.005616
0.377921	0.313323
0.379489	1.373337
0.381057	1.131805
0.382625	0.968949
0.384193	0.258586
0.385761	1.652164
0.387329	1.451650
0.388898	2.136302
0.390466	1.618220
0.392034	2.813351
0.393602	0.907495
0.395170	1.348413
0.396738	0.680341
0.398306	0.821459
0.399875	1.159013
0.401443	1.311807
0.403011	0.293176
0.404579	0.981210
0.406147	2.154883
0.407715	0.896446
0.409283	2.241920
0.410851	2.583109
0.412420	1.318736
0.413988	1.703696
0.415556	0.855516
0.417124	0.153656
0.418692	1.409571
0.420260	1.277394
0.421828	0.700804
0.423397	0.335483
0.424965	1.784510
0.426533	1.173462
0.428101	2.247043
0.429669	1.751764
0.431237	2.743934
0.432805	1.318782
0.434374	1.095970
0.435942	0.794822
0.437510	1.085437
0.439078	1.069579
0.440646	1.073822
0.442214	0.277673
0.443782	1.260271
0.445350	2.054315
0.446919	1.221655
0.448487	2.158052
0.450055	2.831726
0.451623	0.849435
0.453191	1.527574
0.454759	1.004943
0.456327	0.345508
0.457896	1.261193
0.459464	1.351897
0.461032	0.678876
0.462600	0.673675
0.464168	1.880302
0.465736	0.901247
0.467304	2.243926
0.468873	2.043789
0.470441	2.329667
0.472009	1.456825
0.473577	1.076280
0.475145	0.685716
0.476713	1.259863
0.478281	1.227772
0.479849	0.903859
0.481418	0.290303
0.482986	1.323796
0.484554	1.857187
0.486122	1.287472
0.487690	2.213626
0.489258	2.918197
0.490826	0.834211
0.492395	1.364460
0.493963	1.085935
0.495531	0.612243
0.497099	1.016683
0.498667	1.272038
0.500235	0.917419
0.501803	0.909496
0.503371	1.893520
0.504940	0.949144
0.506508	2.425747
0.508076	2.265898
0.509644	1.972379
0.511212	1.311382
0.512780	1.079398
0.514348	0.453212
0.515917	1.287454
0.517485	1.408321
0.519053	0.979752
0.520621	0.337292
0.522189	1.500491
0.523757	1.786721
0.525325	1.483362
0.526894	2.185541
0.528462	2.874506
0.530030	0.978936
0.531598	1.258923
0.533166	1.217591
0.534734	0.940054
0.536302	1.129031
0.537870	1.029853
0.539439	0.750654
0.541007	1.000325
0.542575	1.852695
0.544143	0.969564
0.545711	2.619592
0.547279	2.471525
0.548847	1.700124
0.550416	1.185192
0.551984	1.276917
0.553552	0.073159
0.555120	1.057706
0.556688	1.393878
0.558256	1.037301
0.559824	0.542618
0.561393	1.349035
0.562961	1.875790
0.564529	1.912680
0.566097	2.177169
0.567665	2.766176
0.569233	0.918882
0.570801	1.341209
0.572369	0.934199
0.573938	1.061074
0.575506	1.341757
0.577074	0.990959
0.578642	0.561728
0.580210	1.035569
0.581778	2.031504
0.583346	0.702879
0.584915	2.747416
0.586483	2.642209
0.588051	1.728755
0.589619	1.431065
0.591187	1.394993
0.592755	0.385002
0.594323	1.000032
0.595891	1.229029
0.597460	1.224971
0.599028	0.925431
0.600596	1.572871
0.602164	1.758049
0.603732	2.279878
0.605300	2.036988
0.606868	2.944165
0.608437	0.731525
0.610005	1.083681
0.611573	0.889880
0.613141	1.055960
0.614709	1.446893
0.616277	1.047201
0.617845	0.298284
0.619414	0.782580
0.620982	2.333441
0.622550	0.746651
0.624118	2.521096
0.625686	2.567404
0.627254	1.661030
0.628822	1.541858
0.630390	1.361988
0.631959	0.742871
0.633527	1.229758
0.635095	0.919586
0.636663	1.020677
0.638231	0.585451
0.639799	1.437175
0.641367	1.981966
0.642936	2.702610
0.644504	1.741894
0.646072	2.733514
0.647640	0.721113
0.649208	1.537843
0.650776	0.236423
0.652344	0.683662
0.653912	1.364645
0.655481	1.350664
0.657049	0.322584
0.658617	0.562454
0.660185	2.693632
0.661753	1.245838
0.663321	2.049036
0.664889	2.839315
0.666458	1.213420
0.668026	1.475173
0.669594	1.025518
0.671162	0.701632
0.672730	1.297109
0.674298	0.982979
0.675866	0.673395
0.677435	0.499411
0.679003	1.918007
0.680571	1.710873
0.682139	2.942480
0.683707	1.943713
0.685275	2.814384
0.686843	0.876512
0.688411	1.920540
0.689980	0.949211
0.691548	0.720661
0.693116	0.797230
0.694684	1.547054
0.696252	0.263391
0.697820	0.460446
0.699388	3.553887
0.700957	2.648153
0.702525	1.146674
0.704093	3.945093
0.705661	0.295568
0.707229	1.927693
0.708797	0.833995
0.710365	0.142433
0.711934	1.263432
0.713502	2.215161
0.715070	0.804818
0.716638	1.922567
0.718206	3.404321
0.719774	2.606842
0.721342	3.012662
0.722910	3.719326
0.724479	1.916346
0.726047	0.718947
0.727615	3.118607
0.729183	2.613196
0.730751	3.102187
0.732319	2.894618
0.733887	2.264171
0.735456	3.249836
0.737024	2.273889
0.738592	2.663073
0.740160	2.046981
0.741728	3.657294
0.743296	4.672202
0.744864	4.368838
0.746432	3.693965
0.748001	1.923887
0.749569	1.338911
0.751137	1.194948
0.752705	2.314607
0.754273	2.071402
0.755841	0.264454
0.757409	1.709508
0.758978	2.452428
0.760546	4.553629
0.762114	2.526179
0.763682	3.255906
0.765250	2.210647
0.766818	3.532921
0.768386	3.869032
0.769955	4.118064
0.771523	4.919548
0.773091	4.330206
0.774659	0.682646
0.776227	3.414942
0.777795	1.934790
0.779363	3.244333
0.780931	4.621084
0.782500	6.323408
0.784068	0.624113
0.785636	3.070853
0.787204	3.049944
0.788772	2.630667
0.790340	1.316127
0.791908	1.942621
0.793477	3.816357
0.795045	3.067543
0.796613	1.998799
0.798181	2.203366
0.799749	2.920775
0.801317	5.397157
0.802885	4.170112
0.804454	3.829666
0.806022	3.373826
0.807590	4.274989
0.809158	3.762902
0.810726	10.187294
0.812294	2.686510
0.813862	7.025230
0.815430	4.076031
0.816999	7.119746
0.818567	4.941202
0.820135	3.950107
0.821703	1.292081
0.823271	4.256273
0.824839	4.600347
0.826407	3.892784
0.827976	5.321816
0.829544	6.220649
0.831112	2.855523
0.832680	2.191123
0.834248	2.722383
0.835816	0.802666
0.837384	2.561600
0.838952	2.961540
0.840521	0.788030
0.842089	0.403465
0.843657	2.842595
0.845225	0.819347
0.846793	1.493989
0.848361	4.066185
0.849929	0.107417
0.851498	1.904253
0.853066	0.485739
0.854634	2.381522
0.856202	0.525876
0.857770	2.248993
0.859338	1.636608
0.860906	1.929284
0.862475	1.921188
0.864043	1.203101
0.865611	1.413480
0.867179	2.260950
0.868747	1.883705
0.870315	1.202957
0.871883	0.793252
0.873451	2.006262
0.875020	1.390545
0.876588	1.077117
0.878156	2.350345
0.879724	2.010065
0.881292	1.149457
0.882860	1.926594
0.884428	1.287652
0.885997	0.727669
0.887565	2.307168
0.889133	0.765140
0.890701	1.352390
0.892269	0.935516
0.893837	2.179614
0.895405	0.262451
0.896973	2.258593
0.898542	1.590982
0.900110	1.982810
0.901678	1.801567
0.903246	0.966378
0.904814	1.334683
0.906382	2.098496
0.907950	1.525902
0.909519	1.243769
0.911087	0.505755
0.912655	2.122929
0.914223	1.350938
0.915791	1.034014
0.917359	2.450256
0.918927	2.327163
0.920496	1.239355
0.922064	1.655700
0.923632	1.430373
0.925200	0.704415
0.926768	1.952649
0.928336	0.804942
0.929904	1.272318
0.931472	1.163610
0.933041	1.962510
0.934609	0.409592
0.936177	2.526856
0.937745	1.873414
0.939313	1.841464
0.940881	1.684304
0.942449	1.105340
0.944018	0.989284
0.945586	1.804578
0.947154	1.451261
0.948722	1.393243
0.950290	0.208124
0.951858	1.988800
0.953426	1.305839
0.954995	1.365681
0.956563	2.378359
0.958131	2.490577
0.959699	1.272997
0.961267	1.668795
0.962835	1.546071
0.964403	0.914380
0.965971	1.928849
0.967540	0.798267
0.969108	1.145038
0.970676	1.344682
0.972244	1.808316
0.973812	0.331442
0.975380	2.834400
0.976948	1.959359
0.978517	1.878463
0.980085	1.760657
0.981653	1.212445
0.983221	0.405688
0.984789	1.711505
0.986357	1.261983
0.987925	1.539411
0.989493	0.326347
0.991062	1.885052
0.992630	1.461575
0.994198	1.934090
0.995766	2.116494
0.997334	2.427151
0.998902	1.213083
1.000470	1.650560
1.002039	1.370793
1.003607	0.911286
1.005175	2.058584
1.006743	1.012482
1.008311	0.813404
1.009879	1.424620
1.011447	1.905455
1.013016	0.191183
1.014584	2.766589
1.016152	2.013262
1.017720	1.935169
1.019288	1.914989
1.020856	1.327978
1.022424	0.016326
1.023992	1.780060
1.025561	0.911428
1.027129	1.384666
1.028697	0.642711
1.030265	1.924648
1.031833	1.392328
1.033401	2.281852
1.034969	1.879512
1.036538	2.447370
1.038106	1.195559
1.039674	1.422468
1.041242	1.001758
1.042810	0.934055
1.044378	1.887670
1.045946	1.318866
1.047515	0.406229
1.049083	1.421644
1.050651	2.062165
1.052219	0.651132
1.053787	2.620242
1.055355	2.083564
1.056923	1.820627
1.058491	2.061745
1.060060	1.127601
1.061628	0.315595
1.063196	2.092934
1.064764	0.794840
1.066332	1.186057
1.067900	0.575538
1.069468	2.093533
1.071037	1.215498
1.072605	2.458717
1.074173	1.562949
1.075741	2.759682
1.077309	1.401707
1.078877	1.181838
1.080445	0.769257
1.082013	1.109269
1.083582	1.606229
1.085150	1.366438
1.086718	0.297055
1.088286	1.518313
1.089854	2.278749
1.091422	1.125432
1.092990	2.420892
1.094559	2.440291
1.096127	1.435372
1.097695	1.948077
1.099263	1.074783
1.100831	0.348958
1.102399	2.149647
1.103967	1.164823
1.105536	0.882145
1.107104	0.536372
1.108672	2.428198
1.110240	0.892307
1.111808	2.395614
1.113376	1.586789
1.114944	2.809106
1.116512	1.776106
1.118081	0.841167
1.119649	0.912221
1.121217	1.551574
1.122785	1.220875
1.124353	1.292968
1.125921	0.382559
1.127489	1.803393
1.129058	2.073577
1.130626	1.360193
1.132194	2.144718
1.133762	2.907035
1.135330	1.048175
1.136898	1.762539
1.138466	0.994222
1.140034	0.230041
1.141603	2.012365
1.143171	1.227527
1.144739	0.736035
1.146307	0.706001
1.147875	2.623815
1.149443	0.306994
1.151011	2.406381
1.152580	1.865341
1.154148	2.599863
1.155716	2.058257
1.157284	0.719919
1.158852	0.916335
1.160420	1.950276
1.161988	1.147757
1.163557	1.016889
1.165125	0.443578
1.166693	2.221288
1.168261	1.825235
1.169829	1.546945
1.171397	2.172553
1.172965	3.262351
1.174533	1.126093
1.176102	1.260771
1.177670	1.171658
1.179238	0.651939
1.180806	1.726531
1.182374	1.311075
1.183942	0.813278
1.185510	1.160139
1.187079	2.600529
1.188647	0.047590
1.190215	2.409560
1.191783	2.357918
1.193351	2.276047
1.194919	2.017087
1.196487	0.712874
1.198056	0.922500
1.199624	2.037840
1.201192	1.395396
1.202760	0.907462
1.204328	0.393304
1.205896	2.448519
1.207464	1.610206
1.209032	1.727779
1.210601	1.931897
1.212169	2.703531
1.213737	1.909854
1.215305	1.054243
1.216873	1.363375
1.218441	1.453985
1.220009	1.532327
1.221578	1.021001
1.223146	0.912345
1.224714	1.611588
1.226282	2.338403
1.227850	0.319841
1.229418	2.688426
1.230986	2.686057
1.232554	1.765881
1.234123	1.701145
1.235691	0.970409
1.237259	0.378828
1.238827	1.895271
1.240395	1.405699
1.241963	1.097247
1.243531	0.447921
1.245100	2.505356
1.246668	1.246411
1.248236	1.889100
1.249804	2.283393
1.251372	2.998114
1.252940	1.723734
1.254508	0.924172
1.256077	1.648095
1.257645	1.607738
1.259213	1.671830
1.260781	0.956164
1.262349	0.937166
1.263917	1.922485
1.265485	2.175228
1.267053	0.412183
1.268622	2.776366
1.270190	2.863710
1.271758	1.709912
1.273326	1.547560
1.274894	1.361173
1.276462	0.116869
1.278030	1.764744
1.279599	1.260871
1.281167	1.357757
1.282735	0.690471
1.284303	2.496599
1.285871	1.230384
1.287439	2.429781
1.289007	2.267948
1.290576	2.630953
1.292144	1.595658
1.293712	1.091635
1.295280	1.272140
1.296848	1.628391
1.298416	1.961979
1.299984	0.897133
1.301552	0.621888
1.303121	2.032495
1.304689	2.030398
1.306257	0.514453
1.307825	2.832052
1.309393	2.886662
1.310961	1.780290
1.312529	1.483663
1.314098	1.541752
1.315666	0.529472
1.317234	1.824700
1.318802	0.863857
1.320370	1.408360
1.321938	1.027126
1.323506	2.235474
1.325074	1.084348
1.326643	2.806526
1.328211	2.127253
1.329779	2.575549
1.331347	1.531957
1.332915	1.160433
1.334483	0.930117
1.336051	1.569560
1.337620	1.883813
1.339188	1.338585
1.340756	0.411250
1.342324	1.960480
1.343892	2.143287
1.345460	1.132137
1.347028	2.735033
1.348597	2.792490
1.350165	1.740613
1.351733	1.747821
1.353301	1.651880
1.354869	0.903462
1.356437	2.181441
1.358005	0.884942
1.359573	1.211171
1.361142	1.131228
1.362710	2.490185
1.364278	0.880328
1.365846	3.028172
1.367414	2.092980
1.368982	2.787352
1.370550	1.486156
1.372119	1.296644
1.373687	0.483660
1.375255	1.517860
1.376823	1.614988
1.378391	1.646749
1.379959	0.338909
1.381527	2.003599
1.383095	2.309365
1.384664	1.730115
1.386232	2.362402
1.387800	2.990807
1.389368	1.452485
1.390936	1.689024
1.392504	1.516574
1.394072	0.873899
1.395641	2.459877
1.397209	1.086337
1.398777	0.860187
1.400345	1.097726
1.401913	2.812301
1.403481	0.673802
1.405049	2.984410
1.406618	2.224658
1.408186	3.079172
1.409754	1.934416
1.411322	1.460816
1.412890	0.518108
1.414458	1.982771
1.416026	0.891933
1.417594	1.484278
1.419163	0.500854
1.420731	2.248668
1.422299	2.264073
1.423867	2.001113
1.425435	1.943386
1.427003	3.167134
1.428571	1.414870
1.430140	1.376653
1.431708	1.077243
1.433276	0.821005
1.434844	2.400138
1.436412	1.456658
1.437980	0.426819
1.439548	0.994597
1.441117	3.049876
1.442685	0.566297
1.444253	2.860431
1.445821	2.508132
1.447389	2.525949
1.448957	2.105130
1.450525	1.203474
1.452093	0.588517
1.453662	2.318670
1.455230	0.923696
1.456798	1.050035
1.458366	0.415586
1.459934	2.680822
1.461502	1.853572
1.463070	2.393417
1.464639	1.853964
1.466207	3.584028
1.467775	1.504454
1.469343	1.036602
1.470911	1.158877
1.472479	1.222052
1.474047	1.993314
1.475615	1.469235
1.477184	0.354463
1.478752	1.369702
1.480320	3.108063
1.481888	0.911019
1.483456	2.598749
1.485024	2.997305
1.486592	2.052625
1.488161	2.284445
1.489729	1.021170
1.491297	0.723335
1.492865	2.528724
1.494433	1.605735
1.496001	0.832656
1.497569	0.081512
1.499138	3.151930
1.500706	1.280472
1.502274	2.206120
1.503842	2.050883
1.505410	3.866140
1.506978	2.012194
1.508546	0.727408
1.510114	1.228850
1.511683	1.915584
1.513251	1.691897
1.514819	1.347604
1.516387	0.799265
1.517955	2.276006
1.519523	2.600260
1.521091	1.044277
1.522660	2.449687
1.524228	3.520568
1.525796	1.531306
1.527364	1.712265
1.528932	1.255247
1.530500	0.265760
1.532068	2.376886
1.533637	1.489356
1.535205	1.021992
1.536773	0.401411
1.538341	3.387565
1.539909	0.742857
1.541477	2.564207
1.543045	2.420179
1.544613	3.282938
1.546182	2.367343
1.547750	0.576193
1.549318	1.447208
1.550886	2.230742
1.552454	1.683420
1.554022	0.884032
1.555590	0.961853
1.557159	2.617046
1.558727	2.133372
1.560295	1.243550
1.561863	2.688187
1.563431	3.882951
1.564999	1.936104
1.566567	1.314220
1.568135	1.553073
1.569704	0.756474
1.571272	2.304721
1.572840	1.503755
1.574408	1.028756
1.575976	1.158346
1.577544	3.178985
1.579112	0.587803
1.580681	2.488173
1.582249	2.620924
1.583817	2.863459
1.585385	2.204506
1.586953	0.700050
1.588521	1.532717
1.590089	2.368128
1.591658	1.850529
1.593226	0.813527
1.594794	0.779863
1.596362	3.122994
1.597930	2.005269
1.599498	1.230061
1.601066	2.669667
1.602634	3.933247
1.604203	1.785089
1.605771	0.978353
1.607339	1.852172
1.608907	1.359515
1.610475	2.092847
1.612043	1.061839
1.613611	1.107185
1.615180	1.713800
1.616748	3.077394
1.618316	0.599127
1.619884	3.100953
1.621452	3.166685
1.623020	2.681695
1.624588	1.733371
1.626156	1.070622
1.627725	0.558936
1.629293	1.742856
1.630861	1.950458
1.632429	1.609367
1.633997	0.875334
1.635565	3.043241
1.637133	2.184262
1.638702	1.170361
1.640270	2.555088
1.641838	3.565098
1.643406	2.306660
1.644974	1.186672
1.646542	2.326781
1.648110	1.852581
1.649679	2.041631
1.651247	0.883832
1.652815	1.274601
1.654383	2.133526
1.655951	2.778481
1.657519	0.541858
1.659087	3.376445
1.660655	3.088892
1.662224	2.712037
1.663792	1.689550
1.665360	1.611613
1.666928	0.075078
1.668496	1.957722
1.670064	1.604851
1.671632	1.672285
1.673201	0.786603
1.674769	2.841607
1.676337	2.080796
1.677905	2.542430
1.679473	2.592385
1.681041	3.274494
1.682609	1.873948
1.684178	1.249112
1.685746	1.795317
1.687314	1.681229
1.688882	2.442572
1.690450	1.084751
1.692018	0.979354
1.693586	2.039906
1.695154	2.937845
1.696723	0.540452
1.698291	3.414392
1.699859	3.090483
1.701427	2.889031
1.702995	1.755355
1.704563	1.937084
1.706131	0.801649
1.707700	2.288695
1.709268	0.885301
1.710836	1.707060
1.712404	0.918143
1.713972	2.789214
1.715540	2.151755
1.717108	3.157411
1.718676	2.444584
1.720245	3.382148
1.721813	1.514147
1.723381	1.405934
1.724949	1.135067
1.726517	1.404499
1.728085	2.470341
1.729653	1.584013
1.731222	0.568625
1.732790	2.174314
1.734358	3.194860
1.735926	1.174916
1.737494	3.113153
1.739062	3.237581
1.740630	2.483362
1.742199	2.163026
1.743767	1.888656
1.745335	1.141887
1.746903	2.863326
1.748471	0.849534
1.750039	1.355027
1.751607	0.889515
1.753175	3.356569
1.754744	1.879128
1.756312	3.326069
1.757880	2.152923
1.759448	3.948321
1.761016	1.989726
1.762584	1.480609
1.764152	0.884669
1.765721	1.805853
1.767289	1.899535
1.768857	1.789674
1.770425	0.223808
1.771993	2.286790
1.773561	3.134217
1.775129	1.823241
1.776698	2.352705
1.778266	3.271545
1.779834	1.856632
1.781402	2.048052
1.782970	1.659834
1.784538	0.922409
1.786106	3.078368
1.787674	1.168900
1.789243	0.834674
1.790811	0.824569
1.792379	3.934831
1.793947	1.206776
1.795515	3.101255
1.797083	2.072587
1.798651	3.767566
1.800220	2.322382
1.801788	1.126283
1.803356	1.193038
1.804924	2.453546
1.806492	1.284431
1.808060	1.492085
1.809628	0.405680
1.811196	2.795672
1.812765	3.203373
1.814333	2.059293
1.815901	2.356642
1.817469	4.141175
1.819037	1.517397
1.820605	1.710948
1.822173	1.343677
1.823742	0.611821
1.825310	2.864279
1.826878	1.651769
1.828446	0.731687
1.830014	1.091734
1.831582	4.088017
1.833150	0.724048
1.834719	2.928231
1.836287	2.727457
1.837855	3.559277
1.839423	2.773160
1.840991	1.096787
1.842559	1.391471
1.844127	2.942026
1.845695	1.331843
1.847264	1.055943
1.848832	0.479875
1.850400	3.936338
1.851968	2.406511
1.853536	2.430278
1.855104	2.473986
1.856672	4.678735
1.858241	1.927364
1.859809	1.124152
1.861377	1.584388
1.862945	1.120221
1.864513	2.420635
1.866081	1.625686
1.867649	0.856959
1.869218	1.555263
1.870786	4.253825
1.872354	0.559158
1.873922	2.806821
1.875490	3.570018
1.877058	2.717497
1.878626	2.500619
1.880194	0.940691
1.881763	1.112592
1.883331	3.017183
1.884899	1.803056
1.886467	0.800909
1.888035	0.377576
1.889603	4.218752
1.891171	1.771130
1.892740	2.080918
1.894308	2.823031
1.895876	4.702279
1.897444	2.781599
1.899012	0.433386
1.900580	2.005296
1.902148	2.114288
1.903716	1.927018
1.905285	1.161519
1.906853	1.308775
1.908421	2.567619
1.909989	3.554170
1.911557	0.596590
1.913125	3.204734
1.914693	4.216024
1.916262	2.309595
1.917830	1.899644
1.919398	1.296944
1.920966	0.317118
1.922534	2.669375
1.924102	2.133734
1.925670	1.112312
1.927239	0.610327
1.928807	4.320488
1.930375	1.328373
1.931943	2.492088
1.933511	3.183392
1.935079	4.128800
1.936647	2.867695
1.938215	0.203096
1.939784	2.237893
1.941352	2.593945
1.942920	2.137709
1.944488	0.631953
1.946056	1.567052
1.947624	3.420332
1.949192	3.071192
1.950761	0.371117
1.952329	3.631349
1.953897	4.478477
1.955465	2.697649
1.957033	1.431118
1.958601	2.137494
1.960169	0.601276
1.961737	2.443477
1.963306	1.795827
1.964874	1.631062
1.966442	1.120329
1.968010	4.140305
1.969578	1.471295
1.971146	3.062949
1.972714	3.404112
1.974283	3.637472
1.975851	2.270282
1.977419	0.723283
1.978987	1.985136
1.980555	2.807566
1.982123	2.743927
1.983691	1.115700
1.985260	1.497591
1.986828	3.597965
1.988396	2.981646
1.989964	1.038147
1.991532	3.879625
1.993100	4.554148
1.994668	3.169521
1.996236	1.350533
1.997805	2.661332
1.999373	1.461392
2.000941	2.637537
2.002509	0.911724
2.004077	1.826505
2.005645	1.782003
2.007213	3.831162
2.008782	1.368917
2.010350	3.996639
2.011918	3.515401
2.013486	3.587506
2.015054	2.036540
2.016622	1.319984
2.018190	1.122719
2.019759	2.279434
2.021327	2.401388
2.022895	1.979547
2.024463	1.094711
2.026031	3.885809
2.027599	3.063380
2.029167	2.013120
2.030735	3.628316
2.032304	4.247212
2.033872	2.900902
2.035440	1.650918
2.037008	2.677263
2.038576	1.987318
2.040144	3.398537
2.041712	0.733343
2.043281	1.733055
2.044849	2.254190
2.046417	3.887205
2.047985	1.522869
2.049553	4.363920
2.051121	3.611808
2.052689	4.083098
2.054257	2.162682
2.055826	1.945526
2.057394	0.381911
2.058962	2.301659
2.060530	2.200308
2.062098	1.762610
2.063666	0.451294
2.065234	3.543818
2.066803	3.468737
2.068371	2.898210
2.069939	3.034324
2.071507	4.381004
2.073075	2.468640
2.074643	1.620774
2.076211	2.300458
2.077780	1.816043
2.079348	3.782527
2.080916	1.414338
2.082484	1.342482
2.084052	2.125985
2.085620	4.516391
2.087188	1.391054
2.088756	4.216097
2.090325	3.373049
2.091893	4.344306
2.093461	2.827424
2.095029	2.516884
2.096597	1.216704
2.098165	3.162526
2.099733	1.339158
2.101302	1.927708
2.102870	0.615105
2.104438	3.841405
2.106006	3.358730
2.107574	3.495060
2.109142	2.493735
2.110710	5.005659
2.112279	1.775399
2.113847	1.652384
2.115415	1.666963
2.116983	1.330152
2.118551	3.483157
2.120119	1.881144
2.121687	0.669547
2.123255	2.210977
2.124824	5.057920
2.126392	1.513159
2.127960	3.702054
2.129528	3.666629
2.131096	3.925022
2.132664	3.119457
2.134232	2.523508
2.135801	1.691859
2.137369	4.141995
2.138937	0.901811
2.140505	1.427147
2.142073	0.803002
2.143641	4.896007
2.145209	2.765134
2.146777	3.725394
2.148346	2.206686
2.149914	5.819790
2.151482	2.607477
2.153050	1.502603
2.154618	1.505464
2.156186	2.045501
2.157754	2.661098
2.159323	2.133253
2.160891	0.541960
2.162459	2.923112
2.164027	5.236013
2.165595	2.039052
2.167163	3.154346
2.168731	4.681217
2.170300	3.066043
2.171868	2.632703
2.173436	1.999985
2.175004	1.321582
2.176572	4.243553
2.178140	1.722458
2.179708	0.937949
2.181276	0.308986
2.182845	5.824767
2.184413	1.993618
2.185981	3.455774
2.187549	2.851852
2.189117	5.901974
2.190685	3.391694
2.192253	1.542193
2.193822	2.109656
2.195390	3.193631
2.196958	2.064358
2.198526	1.242731
2.200094	1.239842
2.201662	4.149265
2.203230	4.659884
2.204798	2.308009
2.206367	2.990137
2.207935	5.936529
2.209503	2.465130
2.211071	1.872720
2.212639	1.965422
2.214207	0.427364
2.215775	4.032622
2.217344	2.339531
2.218912	0.848070
2.220480	0.600211
2.222048	6.267119
2.223616	0.916112
2.225184	2.967603
2.226752	3.654835
2.228321	5.391289
2.229889	3.751310
2.231457	1.175004
2.233025	2.894453
2.234593	4.348040
2.236161	2.204843
2.237729	0.421658
2.239297	1.618316
2.240866	5.073006
2.242434	3.547115
2.244002	1.648835
2.245570	4.192854
2.247138	6.883147
2.248706	3.021142
2.250274	0.796955
2.251843	2.148191
2.253411	1.464372
2.254979	3.114725
2.256547	2.153021
2.258115	1.548886
2.259683	1.791128
2.261251	6.102341
2.262820	0.331065
2.264388	3.584949
2.265956	4.987376
2.267524	4.298734
2.269092	3.526674
2.270660	1.074563
2.272228	2.106070
2.273796	4.027827
2.275365	2.988947
2.276933	0.728364
2.278501	1.508100
2.280069	5.965198
2.281637	2.998203
2.283205	2.017430
2.284773	4.191199
2.286342	6.448320
2.287910	3.802374
2.289478	0.308919
2.291046	3.195193
2.292614	2.744801
2.294182	2.980182
2.295750	1.003334
2.297318	2.385141
2.298887	3.289266
2.300455	5.197605
2.302023	0.452763
2.303591	4.622070
2.305159	5.625660
2.306727	3.927479
2.308295	2.217395
2.309864	1.919262
2.311432	0.772490
2.313000	3.758814
2.314568	3.143785
2.316136	1.719334
2.317704	1.178085
2.319272	6.213808
2.320841	2.643912
2.322409	3.281887
2.323977	4.624753
2.325545	5.964962
2.327113	4.163785
2.328681	0.457212
2.330249	3.904570
2.331817	3.561946
2.333386	3.867353
2.334954	0.354348
2.336522	2.766291
2.338090	4.232787
2.339658	4.665878
2.341226	0.986460
2.342794	5.466325
2.344363	6.095949
2.345931	4.872146
2.347499	1.697438
2.349067	3.263587
2.350635	0.645447
2.352203	3.402656
2.353771	2.506339
2.355340	2.426028
2.356908	1.366266
2.358476	6.029781
2.360044	3.244264
2.361612	4.486843
2.363180	4.680984
2.364748	5.532641
2.366316	3.633976
2.367885	1.084044
2.369453	3.232562
2.371021	3.301645
2.372589	4.639810
2.374157	1.446872
2.375725	2.231109
2.377293	4.958074
2.378862	5.116431
2.380430	1.880007
2.381998	5.549335
2.383566	5.825703
2.385134	5.472304
2.386702	2.326318
2.388270	4.206804
2.389838	1.947915
2.391407	4.293024
2.392975	1.266383
2.394543	2.943827
2.396111	2.165031
2.397679	5.975611
2.399247	3.419964
2.400815	5.505435
2.402384	4.330240
2.403952	6.031660
2.405520	2.593049
2.407088	1.833215
2.408656	1.886784
2.410224	2.829648
2.411792	4.446307
2.413361	2.488980
2.414929	1.552468
2.416497	4.879877
2.418065	6.198212
2.419633	3.075557
2.421201	5.077793
2.422769	5.552410
2.424337	5.121210
2.425906	3.137413
2.427474	4.306888
2.429042	2.813676
2.430610	5.477935
2.432178	0.783269
2.433746	2.683587
2.435314	2.552544
2.436883	7.047092
2.438451	3.366032
2.440019	5.995553
2.441587	3.896709
2.443155	7.420401
2.444723	3.068477
2.446291	3.066219
2.447859	1.581111
2.449428	3.217266
2.450996	3.594172
2.452564	3.043547
2.454132	0.196421
2.455700	4.968556
2.457268	6.297178
2.458836	4.169205
2.460405	3.866004
2.461973	6.444790
2.463541	3.996116
2.465109	2.823844
2.466677	3.504967
2.468245	2.346447
2.469813	6.165880
2.471382	2.157471
2.472950	1.944696
2.474518	2.410270
2.476086	8.245765
2.477654	2.752344
2.479222	5.688175
2.480790	4.219973
2.482358	7.929888
2.483927	4.436222
2.485495	3.800194
2.487063	2.530370
2.488631	4.991127
2.490199	1.893940
2.491767	2.364606
2.493335	1.143806
2.494904	6.461228
2.496472	6.005516
2.498040	4.816661
2.499608	3.365700
2.501176	8.591281
2.502744	3.092398
2.504312	2.247139
2.505881	2.839025
2.507449	1.669938
2.509017	5.852967
2.510585	2.734858
2.512153	1.138495
2.513721	2.387993
2.515289	9.534750
2.516857	2.544324
2.518426	4.914809
2.519994	5.712450
2.521562	6.964129
2.523130	5.050603
2.524698	4.096296
2.526266	3.362284
2.527834	6.861745
2.529403	2.171624
2.530971	1.716770
2.532539	1.437519
2.534107	9.154910
2.535675	4.905296
2.537243	4.403329
2.538811	3.741078
2.540379	10.003569
2.541948	4.721734
2.543516	1.962204
2.545084	2.978827
2.546652	3.224814
2.548220	4.616330
2.549788	2.635598
2.551356	1.696362
2.552925	4.226925
2.554493	9.495099
2.556061	2.569668
2.557629	4.675580
2.559197	7.892646
2.560765	5.622475
2.562333	4.545840
2.563902	2.895033
2.565470	2.849747
2.567038	7.205792
2.568606	3.374022
2.570174	0.746930
2.571742	1.339889
2.573310	11.048396
2.574878	3.404535
2.576447	3.922273
2.578015	5.206076
2.579583	10.084123
2.581151	6.208317
2.582719	2.197061
2.584287	4.950222
2.585855	5.484112
2.587424	3.702782
2.588992	1.954374
2.590560	3.233566
2.592128	7.063897
2.593696	8.168471
2.595264	1.667541
2.596832	5.601908
2.598401	10.211910
2.599969	5.029896
2.601537	2.998996
2.603105	3.047714
2.604673	1.172693
2.606241	6.202362
2.607809	4.010704
2.609377	1.662133
2.610946	1.020164
2.612514	11.680215
2.614082	2.194382
2.615650	4.966687
2.617218	7.131797
2.618786	9.240871
2.620354	6.678780
2.621923	1.800626
2.623491	5.624984
2.625059	6.834023
2.626627	4.858996
2.628195	0.209643
2.629763	4.161031
2.631331	9.687108
2.632899	6.661479
2.634468	2.001017
2.636036	7.482437
2.637604	11.139719
2.639172	6.795348
2.640740	0.696373
2.642308	5.195337
2.643876	2.518576
2.645445	5.655574
2.647013	3.402494
2.648581	3.359200
2.650149	3.390452
2.651717	11.655237
2.653285	2.163213
2.654853	6.610233
2.656422	8.595481
2.657990	8.017091
2.659558	5.841280
2.661126	1.377284
2.662694	4.470353
2.664262	7.156551
2.665830	6.559202
2.667398	1.263602
2.668967	4.046079
2.670535	11.483415
2.672103	6.173997
2.673671	3.692478
2.675239	8.325661
2.676807	11.107620
2.678375	8.863877
2.679944	1.469037
2.681512	7.611637
2.683080	4.793647
2.684648	6.590147
2.686216	1.559161
2.687784	4.915378
2.689352	6.229980
2.690920	10.512137
2.692489	3.283863
2.694057	9.599082
2.695625	9.719999
2.697193	8.687649
2.698761	3.896475
2.700329	3.979900
2.701897	2.122519
2.703466	6.178513
2.705034	7.144858
2.706602	3.717595
2.708170	2.982868
2.709738	12.185137
2.711306	7.509784
2.712874	6.381643
2.714443	8.802516
2.716011	10.707593
2.717579	9.204526
2.719147	2.102353
2.720715	8.251477
2.722283	6.783386
2.723851	9.083885
2.725419	0.612441
2.726988	6.165200
2.728556	8.313632
2.730124	11.734569
2.731692	4.692105
2.733260	11.730030
2.734828	10.503679
2.736396	12.555901
2.737965	4.126865
2.739533	7.320843
2.741101	1.937504
2.742669	6.739355
2.744237	5.540751
2.745805	5.576893
2.747373	1.817666
2.748942	12.187315
2.750510	9.451974
2.752078	9.668783
2.753646	8.896574
2.755214	11.611989
2.756782	7.310898
2.758350	2.456416
2.759918	6.773204
2.761487	6.180623
2.763055	11.330646
2.764623	3.038495
2.766191	5.781561
2.767759	9.135856
2.769327	14.636991
2.770895	6.666569
2.772464	11.630064
2.774032	10.695318
2.775600	14.358403
2.777168	6.283796
2.778736	9.810530
2.780304	5.072942
2.781872	10.554428
2.783440	2.930536
2.785009	6.051461
2.786577	3.153463
2.788145	14.535515
2.789713	9.812093
2.791281	11.048603
2.792849	7.613598
2.794417	15.920746
2.795986	5.875120
2.797554	4.885652
2.799122	4.872843
2.800690	4.989145
2.802258	11.439419
2.803826	5.226528
2.805394	4.174594
2.806963	9.906252
2.808531	17.624876
2.810099	8.845781
2.811667	10.001475
2.813235	12.835345
2.814803	13.394028
2.816371	8.192284
2.817939	10.588668
2.819508	7.134821
2.821076	15.003867
2.822644	1.692822
2.824212	6.263664
2.825780	4.608884
2.827348	20.643644
2.828916	10.416181
2.830485	12.668535
2.832053	8.411540
2.833621	21.106291
2.835189	9.423056
2.836757	8.659773
2.838325	4.596550
2.839893	8.045721
2.841462	9.044644
2.843030	6.284908
2.844598	1.777568
2.846166	13.188541
2.847734	20.262935
2.849302	10.156816
2.850870	8.719980
2.852438	18.291989
2.854007	10.457753
2.855575	7.599521
2.857143	10.311504
2.858711	5.480226
2.860279	17.277520
2.861847	5.858969
2.863415	4.389969
2.864984	3.060658
2.866552	28.081446
2.868120	9.512031
2.869688	11.553515
2.871256	10.676410
2.872824	22.377905
2.874392	13.415070
2.875960	11.082659
2.877529	9.878436
2.879097	15.815668
2.880665	6.293561
2.882233	5.348923
2.883801	5.625286
2.885369	22.092094
2.886937	20.325779
2.888506	10.104032
2.890074	10.466601
2.891642	27.932062
2.893210	11.381999
2.894778	7.265374
2.896346	8.334532
2.897914	2.674303
2.899483	16.519994
2.901051	7.653914
2.902619	3.049445
2.904187	5.096140
2.905755	33.710798
2.907323	8.718157
2.908891	11.925749
2.910459	19.450436
2.912028	23.854025
2.913596	16.336267
2.915164	13.213860
2.916732	12.829887
2.918300	22.462430
2.919868	8.848636
2.921436	3.281878
2.923005	9.348768
2.924573	35.463616
2.926141	18.132980
2.927709	9.554661
2.929277	16.077020
2.930845	36.080988
2.932413	19.702707
2.933981	8.035537
2.935550	12.374677
2.937118	11.853329
2.938686	15.475357
2.940254	8.568006
2.941822	9.827938
2.943390	17.378394
2.944958	39.275667
2.946527	5.962061
2.948095	18.343525
2.949663	33.565658
2.951231	22.603593
2.952799	18.403760
2.954367	9.559462
2.955935	12.034130
2.957504	29.487359
2.959072	14.402832
2.960640	3.130626
2.962208	11.134245
2.963776	52.290945
2.965344	18.815431
2.966912	15.600228
2.968480	28.025371
2.970049	47.747415
2.971617	31.860818
2.973185	11.124588
2.974753	29.191210
2.976321	23.274066
2.977889	21.074425
2.979457	5.203829
2.981026	20.472854
2.982594	42.929879
2.984162	48.890500
2.985730	13.587895
2.987298	37.508113
2.988866	52.455322
2.990434	30.714958
2.992003	17.600544
2.993571	20.324426
2.995139	4.541920
2.996707	32.567785
2.998275	27.783757
2.999843	16.446731
3.001411	14.667855
3.002979	80.889332
3.004548	32.999841
3.006116	35.426231
3.007684	55.571172
3.009252	59.101579
3.010820	52.142865
3.012388	6.192842
3.013956	46.327620
3.015525	44.305973
3.017093	39.800309
3.018661	14.883851
3.020229	42.798425
3.021797	89.331234
3.023365	85.287181
3.024933	46.249705
3.026501	81.463067
3.028070	102.969781
3.029638	84.519869
3.031206	11.713630
3.032774	86.017903
3.034342	7.237572
3.035910	36.746350
3.037478	13.908403
3.039047	69.257461
3.040615	39.661616
3.042183	197.563601
3.043751	110.866383
3.045319	188.389386
3.046887	195.891462
3.048455	173.411247
3.050024	61.481571
3.051592	17.901240
3.053160	47.211058
3.054728	172.534102
3.056296	302.718695
3.057864	345.502776
3.059432	329.372688
3.061000	884.486420
3.062569	1381.957687
3.064137	707.008227
3.065705	834.946205
3.067273	887.152220
3.068841	799.147818
3.070409	715.385152
3.071977	201.709493
3.073546	202.268403
3.075114	668.505374
3.076682	602.626803
3.078250	495.060225
3.079818	430.265223
3.081386	651.659528
3.082954	229.062116
3.084523	335.218980
3.086091	426.057978
3.087659	648.046414
3.089227	585.521512
3.090795	503.423245
3.092363	441.134980
3.093931	443.894646
3.095499	287.621206
3.097068	156.905384
3.098636	177.989082
3.100204	232.312939
3.101772	83.144585
3.103340	103.158260
3.104908	104.008659
3.106476	102.053630
3.108045	136.222051
3.109613	77.859622
3.111181	119.317529
3.112749	97.362350
3.114317	89.298997
3.115885	37.006450
3.117453	69.715314
3.119021	69.739812
3.120590	75.226377
3.122158	40.805568
3.123726	62.414825
3.125294	50.992879
3.126862	88.402870
3.128430	38.146716
3.129998	48.662604
3.131567	22.087326
3.133135	31.271761
3.134703	31.191213
3.136271	22.175932
3.137839	5.113490
3.139407	49.955734
3.140975	44.455243
3.142544	37.714794
3.144112	26.352366
3.145680	45.586830
3.147248	35.681330
3.148816	10.145875
3.150384	34.717336
3.151952	34.438819
3.153520	52.482870
3.155089	12.580383
3.156657	24.290698
3.158225	28.975259
3.159793	51.551616
3.161361	27.580130
3.162929	28.852415
3.164497	20.523722
3.166066	50.652605
3.167634	25.304333
3.169202	37.607909
3.170770	21.887425
3.172338	30.843589
3.173906	4.400324
3.175474	16.943256
3.177042	10.138216
3.178611	36.300755
3.180179	27.078090
3.181747	24.871423
3.183315	6.747293
3.184883	36.703608
3.186451	15.979995
3.188019	8.161984
3.189588	11.724634
3.191156	8.999521
3.192724	27.407733
3.194292	9.087123
3.195860	7.964651
3.197428	16.602651
3.198996	38.533891
3.200565	18.760926
3.202133	12.149687
3.203701	16.582162
3.205269	28.366460
3.206837	17.379805
3.208405	22.571824
3.209973	19.347713
3.211541	29.127047
3.213110	3.645581
3.214678	12.918526
3.216246	10.591817
3.217814	34.838104
3.219382	15.302578
3.220950	12.990180
3.222518	4.927830
3.224087	32.683223
3.225655	16.950251
3.227223	13.523826
3.228791	12.564099
3.230359	9.719952
3.231927	11.887071
3.233495	6.703382
3.235064	5.269979
3.236632	14.645196
3.238200	27.871038
3.239768	10.663511
3.241336	5.596539
3.242904	19.763251
3.244472	14.685532
3.246040	8.166521
3.247609	13.494044
3.249177	9.986619
3.250745	20.943972
3.252313	7.353454
3.253881	5.006893
3.255449	7.284959
3.257017	31.171723
3.258586	8.731870
3.260154	6.456767
3.261722	8.593157
3.263290	23.515171
3.264858	16.714659
3.266426	12.931480
3.267994	13.764405
3.269562	15.162208
3.271131	6.148916
3.272699	5.843784
3.274267	9.580282
3.275835	18.327128
3.277403	15.727712
3.278971	5.769737
3.280539	7.081021
3.282108	21.211611
3.283676	11.262722
3.285244	3.452820
3.286812	7.329686
3.288380	3.055979
3.289948	13.635703
3.291516	5.368009
3.293085	1.666452
3.294653	0.431757
3.296221	25.577812
3.297789	4.178542
3.299357	5.565181
3.300925	11.068019
3.302493	15.799264
3.304061	13.316715
3.305630	10.145450
3.307198	12.267830
3.308766	14.766477
3.310334	7.378527
3.311902	4.404730
3.313470	9.732526
3.315038	20.379305
3.316607	9.078812
3.318175	4.025704
3.319743	9.154549
3.321311	18.521065
3.322879	13.287667
3.324447	4.743076
3.326015	9.572792
3.327584	5.058454
3.329152	8.233387
3.330720	5.135018
3.332288	5.595253
3.333856	5.160785
3.335424	17.938115
3.336992	1.902753
3.338560	7.452344
3.340129	12.511150
3.341697	10.027089
3.343265	7.098795
3.344833	5.525760
3.346401	7.853575
3.347969	11.067170
3.349537	8.341979
3.351106	2.099258
3.352674	7.263958
3.354242	19.716922
3.355810	5.243874
3.357378	5.817517
3.358946	8.867200
3.360514	13.845146
3.362082	12.713821
3.363651	5.378520
3.365219	11.558638
3.366787	7.973961
3.368355	8.156778
3.369923	3.898183
3.371491	8.576795
3.373059	9.716718
3.374628	12.189943
3.376196	3.666781
3.377764	8.898146
3.379332	11.962035
3.380900	10.044848
3.382468	1.769615
3.384036	5.348451
3.385605	2.610525
3.387173	6.818552
3.388741	6.610381
3.390309	1.884563
3.391877	3.661906
3.393445	16.571587
3.395013	5.588177
3.396581	7.412982
3.398150	7.755591
3.399718	10.005811
3.401286	10.184854
3.402854	3.814911
3.404422	9.844693
3.405990	7.855294
3.407558	9.311409
3.409127	3.094939
3.410695	8.316262
3.412263	11.133817
3.413831	9.972563
3.415399	5.810369
3.416967	8.516527
3.418535	9.533432
3.420103	11.310375
3.421672	1.974001
3.423240	7.672446
3.424808	2.677903
3.426376	5.972215
3.427944	5.026272
3.429512	4.902494
3.431080	0.969614
3.432649	12.383474
3.434217	6.178582
3.435785	7.958346
3.437353	6.565718
3.438921	8.462232
3.440489	5.707064
3.442057	1.573494
3.443626	6.352105
3.445194	6.045692
3.446762	9.028352
3.448330	1.864483
3.449898	6.156361
3.451466	10.144845
3.453034	9.963392
3.454602	7.162302
3.456171	6.202517
3.457739	6.630097
3.459307	10.766692
3.460875	3.277262
3.462443	9.177224
3.464011	5.354534
3.465579	7.475565
3.467148	2.617391
3.468716	5.404356
3.470284	3.793636
3.471852	10.498718
3.473420	6.265978
3.474988	7.217560
3.476556	4.439139
3.478125	9.928434
3.479693	2.784196
3.481261	3.855424
3.482829	2.987752
3.484397	3.117974
3.485965	6.953656
3.487533	1.684405
3.489101	3.194439
3.490670	8.066150
3.492238	9.749034
3.493806	7.099795
3.495374	4.013475
3.496942	5.862869
3.498510	7.879649
3.500078	2.467940
3.501647	7.883594
3.503215	5.272690
3.504783	8.866326
3.506351	1.402267
3.507919	5.756607
3.509487	4.495508
3.511055	11.776727
3.512623	5.882111
3.514192	5.353173
3.515760	2.730439
3.517328	10.041275
3.518896	3.709103
3.520464	6.326376
3.522032	3.741890
3.523600	4.140482
3.525169	3.777845
3.526737	2.731094
3.528305	1.396457
3.529873	7.561317
3.531441	8.467737
3.533009	5.711824
3.534577	1.579571
3.536146	7.165971
3.537714	4.344977
3.539282	0.718053
3.540850	4.848744
3.542418	3.500154
3.543986	7.891019
3.545554	1.002647
3.547122	3.848292
3.548691	4.011074
3.550259	11.770891
3.551827	5.070419
3.553395	3.236356
3.554963	2.765873
3.556531	8.841078
3.558099	4.607515
3.559668	6.793316
3.561236	5.280774
3.562804	6.170379
3.564372	1.104866
3.565940	3.748095
3.567508	3.291719
3.569076	9.322915
3.570645	6.223796
3.572213	4.283524
3.573781	0.871350
3.575349	8.610059
3.576917	3.649093
3.578485	2.488232
3.580053	2.862704
3.581621	0.766429
3.583190	5.524477
3.584758	1.325018
3.586326	2.365931
3.587894	2.889962
3.589462	10.948523
3.591030	4.387016
3.592598	1.787739
3.594167	4.305388
3.595735	6.062435
3.597303	3.474914
3.598871	5.625376
3.600439	5.282154
3.602007	6.802525
3.603575	1.036109
3.605143	3.065322
3.606712	4.159072
3.608280	10.850830
3.609848	3.986698
3.611416	2.483419
3.612984	2.080768
3.614552	8.285631
3.616120	4.969848
3.617689	4.274215
3.619257	4.646125
3.620825	2.473291
3.622393	3.201062
3.623961	2.501286
3.625529	3.547423
3.627097	4.284019
3.628666	8.514914
3.630234	2.784545
3.631802	2.266192
3.633370	5.756089
3.634938	4.154554
3.636506	1.384724
3.638074	3.308957
3.639642	3.703450
3.641211	5.748816
3.642779	1.689471
3.644347	1.871846
3.645915	2.935797
3.647483	11.188061
3.649051	1.781776
3.650619	2.588095
3.652188	2.674599
3.653756	6.641931
3.655324	5.215159
3.656892	4.719167
3.658460	5.612458
3.660028	4.081559
3.661596	2.260502
3.663164	2.794872
3.664733	5.066609
3.666301	6.963884
3.667869	5.597199
3.669437	1.739957
3.671005	3.327032
3.672573	6.486951
3.674141	4.312828
3.675710	1.298561
3.677278	3.063599
3.678846	1.467676
3.680414	3.721499
3.681982	2.292049
3.683550	1.891286
3.685118	1.058012
3.686687	9.798438
3.688255	0.805904
3.689823	3.637637
3.691391	3.303907
3.692959	4.550482
3.694527	3.462832
3.696095	3.699323
3.697663	5.599252
3.699232	3.946221
3.700800	2.573651
3.702368	2.502790
3.703936	5.359108
3.705504	8.293796
3.707072	4.076548
3.708640	2.424978
3.710209	3.685175
3.711777	5.662832
3.713345	4.728023
3.714913	3.123908
3.716481	4.428536
3.718049	0.804568
3.719617	2.721850
3.721186	3.008135
3.722754	3.926388
3.724322	1.976331
3.725890	8.151811
3.727458	0.595649
3.729026	4.497351
3.730594	3.860605
3.732162	4.057559
3.733731	1.216168
3.735299	2.147954
3.736867	4.202986
3.738435	2.883864
3.740003	2.432304
3.741571	1.794954
3.743139	4.693778
3.744708	8.304623
3.746276	3.572672
3.747844	3.426321
3.749412	2.501518
3.750980	4.627082
3.752548	4.355613
3.754116	3.863471
3.755684	5.388255
3.757253	1.043167
3.758821	2.860127
3.760389	4.041278
3.761957	5.882748
3.763525	3.776019
3.765093	7.101856
3.766661	1.047135
3.768230	5.022958
3.769798	3.510211
3.771366	4.458597
3.772934	3.358287
3.774502	2.216422
3.776070	2.994445
3.777638	2.371449
3.779207	2.889647
3.780775	3.144269
3.782343	4.674762
3.783911	9.256932
3.785479	2.605806
3.787047	3.898258
3.788615	1.798761
3.790183	5.760276
3.791752	5.048119
3.793320	6.101127
3.794888	7.036360
3.796456	2.705938
3.798024	1.393131
3.799592	7.306852
3.801160	8.888988
3.802729	6.529009
3.804297	5.070343
3.805865	2.825706
3.807433	10.743976
3.809001	9.989158
3.810569	11.648495
3.812137	14.428321
3.813706	12.927641
3.815274	8.904201
3.816842	16.010723
3.818410	17.984116
3.819978	17.427200
3.821546	17.423945
3.823114	21.680083
3.824682	11.913575
3.826251	15.847155
3.827819	5.379306
3.829387	7.904781
3.830955	11.001325
3.832523	15.617065
3.834091	17.493040
3.835659	17.690972
3.837228	15.882264
3.838796	4.932956
3.840364	5.200179
3.841932	13.348893
3.843500	21.593461
3.845068	11.085556
3.846636	21.371153
3.848204	28.000064
3.849773	17.628243
3.851341	7.311433
3.852909	8.098240
3.854477	28.738526
3.856045	12.353689
3.857613	20.922762
3.859181	7.840513
3.860750	15.761638
3.862318	13.934849
3.863886	18.194206
3.865454	6.358962
3.867022	9.560411
3.868590	14.311886
3.870158	25.524677
3.871727	34.646738
3.873295	40.630452
3.874863	36.431169
3.876431	47.913256
3.877999	13.399058
3.879567	32.881367
3.881135	12.423645
3.882703	3.701552
3.884272	10.289989
3.885840	7.292223
3.887408	3.944635
3.888976	11.456840
3.890544	19.375800
3.892112	25.120543
3.893680	12.487812
3.895249	2.809814
3.896817	7.349434
3.898385	5.216161
3.899953	5.569532
3.901521	9.093483
3.903089	6.011170
3.904657	5.713230
3.906225	4.604221
3.907794	10.266199
3.909362	11.248769
3.910930	12.678185
3.912498	4.521039
3.914066	5.648330
3.915634	1.656936
3.917202	2.496359
3.918771	2.799072
3.920339	2.591795
3.921907	6.435150
3.923475	2.271271
3.925043	3.743200
3.926611	6.341920
3.928179	6.270240
3.929748	8.342571
3.931316	7.409408
3.932884	3.682213
3.934452	4.493734
3.936020	3.486962
3.937588	3.439686
3.939156	1.345001
3.940724	7.479271
3.942293	4.422134
3.943861	1.670696
3.945429	2.846698
3.946997	6.768929
3.948565	8.179839
3.950133	8.510775
3.951701	0.551345
3.953270	5.261350
3.954838	2.366010
3.956406	2.340825
3.957974	1.768619
3.959542	5.682011
3.961110	4.443276
3.962678	1.014452
3.964247	0.833914
3.965815	6.645725
3.967383	5.729439
3.968951	5.552510
3.970519	3.147562
3.972087	2.141079
3.973655	2.757239
3.975223	2.369994
3.976792	1.600529
3.978360	0.527217
3.979928	6.680011
3.981496	2.629702
3.983064	1.878670
3.984632	3.849918
3.986200	4.374692
3.987769	6.806289
3.989337	5.963959
3.990905	1.830051
3.992473	5.350441
3.994041	2.889806
3.995609	2.608971
3.997177	2.284190
3.998745	6.742514
4.000314	2.537701
4.001882	2.341474
4.003450	1.818091
4.005018	5.604200
4.006586	6.427084
4.008154	4.531797
4.009722	2.554032
4.011291	3.530589
4.012859	1.303495
4.014427	1.691714
4.015995	0.786825
4.017563	2.702802
4.019131	5.132098
4.020699	1.520502
4.022268	1.236920
4.023836	4.638164
4.025404	3.246671
4.026972	4.993880
4.028540	3.713862
4.030108	0.807510
4.031676	4.299701
4.033244	2.993807
4.034813	2.084019
4.036381	2.082885
4.037949	6.553243
4.039517	1.150562
4.041085	3.036855
4.042653	3.045132
4.044221	4.127792
4.045790	6.643884
4.047358	3.595375
4.048926	3.741863
4.050494	4.671965
4.052062	2.708838
4.053630	2.091607
4.055198	2.069124
4.056767	4.094183
4.058335	2.957300
4.059903	2.888469
4.061471	1.393331
4.063039	4.568207
4.064607	4.629175
4.066175	2.861320
4.067743	3.365324
4.069312	1.171305
4.070880	2.115639
4.072448	2.371846
4.074016	0.791898
4.075584	1.275708
4.077152	5.577167
4.078720	1.524496
4.080289	2.810044
4.081857	3.579073
4.083425	2.449953
4.084993	5.855125
4.086561	2.646950
4.088129	3.243506
4.089697	4.419046
4.091265	3.710085
4.092834	2.251604
4.094402	2.847731
4.095970	4.808286
4.097538	2.449948
4.099106	3.996928
4.100674	2.065215
4.102242	3.695977
4.103811	5.751202
4.105379	1.360816
4.106947	4.565952
4.108515	2.775411
4.110083	1.761440
4.111651	1.837391
4.113219	1.348833
4.114788	1.296501
4.116356	3.925271
4.117924	2.765856
4.119492	2.488709
4.121060	3.381732
4.122628	2.818041
4.124196	3.752620
4.125764	2.419238
4.127333	2.077646
4.128901	3.184122
4.130469	3.579203
4.132037	1.585487
4.133605	2.453917
4.135173	4.427000
4.136741	3.142965
4.138310	4.146131
4.139878	2.452153
4.141446	2.116047
4.143014	5.840767
4.144582	0.516698
4.146150	4.974234
4.147718	3.373386
4.149286	3.279200
4.150855	1.379642
4.152423	2.275780
4.153991	2.374087
4.155559	3.600526
4.157127	3.633309
4.158695	1.380892
4.160263	2.688465
4.161832	4.310363
4.163400	1.891704
4.164968	3.590924
4.166536	0.481179
4.168104	1.563691
4.169672	2.518437
4.171240	0.460150
4.172809	1.208172
4.174377	3.244045
4.175945	3.502614
4.177513	3.633292
4.179081	2.439014
4.180649	1.837781
4.182217	4.520975
4.183785	0.843934
4.185354	4.478662
4.186922	3.282466
4.188490	3.947273
4.190058	1.326423
4.191626	2.494259
4.193194	2.557382
4.194762	4.655709
4.196331	4.133382
4.197899	0.946376
4.199467	1.632138
4.201035	4.983660
4.202603	1.715885
4.204171	4.947202
4.205739	1.482197
4.207308	1.844755
4.208876	1.361423
4.210444	1.192570
4.212012	0.398858
4.213580	3.053843
4.215148	3.488238
4.216716	2.521188
4.218284	1.741313
4.219853	3.163474
4.221421	2.907943
4.222989	2.182061
4.224557	2.812429
4.226125	2.196094
4.227693	3.713542
4.229261	0.962979
4.230830	1.924254
4.232398	2.232307
4.233966	5.133173
4.235534	3.830667
4.237102	1.262321
4.238670	0.847664
4.240238	4.410421
4.241806	2.353435
4.243375	5.345069
4.244943	2.504200
4.246511	3.304433
4.248079	0.261958
4.249647	2.209564
4.251215	1.662627
4.252783	4.320273
4.254352	3.345163
4.255920	0.897573
4.257488	0.951093
4.259056	3.891702
4.260624	2.546378
4.262192	3.509763
4.263760	1.102205
4.265329	1.068383
4.266897	2.424080
4.268465	0.755048
4.270033	0.793866
4.271601	1.166182
4.273169	4.803563
4.274737	2.794301
4.276305	1.183887
4.277874	2.036447
4.279442	3.401696
4.281010	2.627397
4.282578	4.472603
4.284146	2.289883
4.285714	3.724302
4.287282	1.126077
4.288851	2.212559
4.290419	1.892025
4.291987	5.665050
4.293555	2.579844
4.295123	1.112038
4.296691	0.379916
4.298259	4.026095
4.299828	3.583295
4.301396	4.275545
4.302964	1.304472
4.304532	2.012005
4.306100	0.777484
4.307668	1.615665
4.309236	1.001679
4.310804	2.601510
4.312373	3.769071
4.313941	1.516198
4.315509	1.117268
4.317077	3.216156
4.318645	2.379957
4.320213	2.580550
4.321781	3.073476
4.323350	1.308907
4.324918	2.918336
4.326486	1.389012
4.328054	1.621524
4.329622	1.449350
4.331190	5.776449
4.332758	1.994077
4.334326	1.834653
4.335895	1.454853
4.337463	3.067873
4.339031	4.186112
4.340599	4.186827
4.342167	2.137531
4.343735	3.210450
4.345303	1.228915
4.346872	2.350008
4.348440	1.977406
4.350008	3.915542
4.351576	1.979736
4.353144	1.786282
4.354712	0.809523
4.356280	3.495726
4.357849	3.251317
4.359417	2.667255
4.360985	1.949990
4.362553	0.694642
4.364121	1.888504
4.365689	1.232874
4.367257	0.269290
4.368825	0.224575
4.370394	4.837714
4.371962	1.380187
4.373530	2.133518
4.375098	2.269753
4.376666	1.806803
4.378234	3.774344
4.379802	3.518155
4.381371	2.067511
4.382939	3.302273
4.384507	1.926201
4.386075	2.260811
4.387643	2.608451
4.389211	4.922651
4.390779	0.950858
4.392347	2.778462
4.393916	1.182753
4.395484	3.050677
4.397052	4.455587
4.398620	2.708043
4.400188	2.650649
4.401756	2.055370
4.403324	1.130329
4.404893	1.814350
4.406461	1.332175
4.408029	1.672076
4.409597	3.373137
4.411165	1.675042
4.412733	1.660094
4.414301	2.871890
4.415870	2.246031
4.417438	2.543179
4.419006	2.484972
4.420574	1.122682
4.422142	2.438468
4.423710	2.167815
4.425278	1.380771
4.426846	1.902580
4.428415	4.940028
4.429983	0.791481
4.431551	3.438242
4.433119	1.930198
4.434687	1.753027
4.436255	4.602414
4.437823	2.148050
4.439392	3.325519
4.440960	3.136808
4.442528	2.405552
4.444096	2.069195
4.445664	2.299961
4.447232	2.836665
4.448800	2.392169
4.450369	2.847650
4.451937	1.179542
4.453505	2.819357
4.455073	3.642483
4.456641	1.452096
4.458209	2.832471
4.459777	0.668636
4.461345	1.384504
4.462914	1.872818
4.464482	0.168956
4.466050	0.840101
4.467618	3.951134
4.469186	1.799897
4.470754	3.181958
4.472322	2.287392
4.473891	0.984662
4.475459	3.996352
4.477027	1.632032
4.478595	3.631965
4.480163	3.043589
4.481731	2.617870
4.483299	1.707854
4.484867	2.401173
4.486436	3.350127
4.488004	2.608584
4.489572	3.538168
4.491140	1.111581
4.492708	1.787058
4.494276	4.071391
4.495844	0.456981
4.497413	3.837020
4.498981	1.887634
4.500549	1.606940
4.502117	1.568782
4.503685	1.325343
4.505253	0.677543
4.506821	3.017588
4.508390	2.362144
4.509958	2.067980
4.511526	1.997365
4.513094	2.153300
4.514662	2.266731
4.516230	2.007829
4.517798	1.734684
4.519366	1.892715
4.520935	2.714918
4.522503	1.090070
4.524071	2.110648
4.525639	2.898156
4.527207	3.229617
4.528775	3.710128
4.530343	1.387214
4.531912	0.612214
4.533480	3.924391
4.535048	0.183054
4.536616	4.485580
4.538184	2.496688
4.539752	2.719516
4.541320	1.220884
4.542889	2.200067
4.544457	1.597309
4.546025	3.253102
4.547593	2.912184
4.549161	1.002533
4.550729	1.688453
4.552297	3.265826
4.553865	1.228057
4.555434	3.323572
4.557002	0.262242
4.558570	0.704708
4.560138	2.042562
4.561706	0.521778
4.563274	0.592371
4.564842	2.121268
4.566411	3.183063
4.567979	3.124768
4.569547	1.832604
4.571115	1.125602
4.572683	2.793059
4.574251	1.311923
4.575819	3.693097
4.577387	2.447797
4.578956	3.046408
4.580524	0.843495
4.582092	2.376503
4.583660	1.969756
4.585228	4.383181
4.586796	3.219184
4.588364	0.568269
4.589933	0.638843
4.591501	3.441251
4.593069	1.953241
4.594637	4.363508
4.596205	1.104060
4.597773	1.593550
4.599341	0.947164
4.600910	1.603279
4.602478	0.716292
4.604046	2.658016
4.605614	2.938328
4.607182	1.849477
4.608750	1.548246
4.610318	2.340580
4.611886	2.084740
4.613455	2.142220
4.615023	2.350492
4.616591	1.345984
4.618159	2.622678
4.619727	0.221910
4.621295	1.627744
4.622863	1.374203
4.624432	4.710247
4.626000	3.011016
4.627568	1.493412
4.629136	0.551113
4.630704	2.759906
4.632272	2.352106
4.633840	4.590361
4.635408	1.924256
4.636977	2.680081
4.638545	0.258519
4.640113	2.337493
4.641681	1.515645
4.643249	4.057655
4.644817	2.327998
4.646385	1.337163
4.647954	0.880832
4.649522	2.770745
4.651090	2.293862
4.652658	3.270099
4.654226	1.068014
4.655794	0.606674
4.657362	1.611016
4.658931	0.830989
4.660499	0.541696
4.662067	0.624832
4.663635	4.050840
4.665203	2.312452
4.666771	1.836045
4.668339	1.414424
4.669907	1.616008
4.671476	2.387654
4.673044	3.690205
4.674612	1.870431
4.676180	2.864824
4.677748	0.692194
4.679316	2.234560
4.680884	1.698235
4.682453	5.013061
4.684021	1.679295
4.685589	1.927005
4.687157	0.344784
4.688725	2.555018
4.690293	3.446092
4.691861	3.688989
4.693430	1.629976
4.694998	1.861598
4.696566	0.569837
4.698134	1.823761
4.699702	1.366121
4.701270	1.773348
4.702838	2.751601
4.704406	1.616810
4.705975	1.575213
4.707543	2.291715
4.709111	1.709685
4.710679	2.437457
4.712247	2.687216
4.713815	0.848801
4.715383	2.035860
4.716952	1.212313
4.718520	1.364021
4.720088	1.530020
4.721656	4.760973
4.723224	1.020437
4.724792	2.653825
4.726360	1.177356
4.727928	1.630932
4.729497	3.557762
4.731065	3.332735
4.732633	2.495575
4.734201	2.753881
4.735769	1.310258
4.737337	2.428547
4.738905	2.147482
4.740474	3.467503
4.742042	1.648714
4.743610	2.276615
4.745178	0.685979
4.746746	2.536532
4.748314	3.063953
4.749882	2.207912
4.751451	2.288785
4.753019	0.574929
4.754587	0.959021
4.756155	1.414931
4.757723	0.183012
4.759291	0.397495
4.760859	4.022800
4.762427	0.838850
4.763996	2.578172
4.765564	1.941601
4.767132	0.841092
4.768700	3.102817
4.770268	2.605890
4.771836	2.158727
4.773404	2.637867
4.774973	1.916170
4.776541	1.997375
4.778109	2.453550
4.779677	4.088121
4.781245	1.037278
4.782813	3.162241
4.784381	0.631220
4.785950	1.841231
4.787518	3.808965
4.789086	1.961355
4.790654	3.183990
4.792222	1.945440
4.793790	1.093516
4.795358	1.890051
4.796926	1.390132
4.798495	1.360446
4.800063	2.695774
4.801631	1.706552
4.803199	1.901733
4.804767	2.301740
4.806335	1.855353
4.807903	2.141195
4.809472	2.275483
4.811040	1.109025
4.812608	1.753639
4.814176	2.061622
4.815744	1.195804
4.817312	1.898638
4.818880	3.756707
4.820448	1.521001
4.822017	3.468250
4.823585	1.506761
4.825153	0.833939
4.826721	3.776985
4.828289	1.560986
4.829857	3.512362
4.831425	2.635615
4.832994	2.044733
4.834562	2.022144
4.836130	2.359965
4.837698	2.170878
4.839266	2.316560
4.840834	2.897384
4.842402	0.685941
4.843971	1.817790
4.845539	2.942302
4.847107	0.870148
4.848675	3.271727
4.850243	0.284627
4.851811	0.506484
4.853379	1.566597
4.854947	0.543678
4.856516	0.568594
4.858084	2.837976
4.859652	1.944322
4.861220	3.006982
4.862788	1.791194
4.864356	0.745128
4.865924	2.897047
4.867493	1.187365
4.869061	3.068172
4.870629	2.402364
4.872197	2.618470
4.873765	1.469797
4.875333	2.499852
4.876901	2.628176
4.878469	3.046140
4.880038	3.646662
4.881606	0.624202
4.883174	1.163572
4.884742	3.404338
4.886310	0.318105
4.887878	4.247883
4.889446	1.505817
4.891015	1.408985
4.892583	1.377483
4.894151	1.621576
4.895719	0.682696
4.897287	2.582601
4.898855	2.261355
4.900423	2.088784
4.901992	1.791914
4.903560	1.890215
4.905128	1.840879
4.906696	2.319421
4.908264	1.964734
4.909832	1.488728
4.911400	2.281612
4.912968	1.009952
4.914537	1.421612
4.916105	1.778279
4.917673	3.325918
4.919241	3.285046
4.920809	1.828880
4.922377	0.246484
4.923945	2.820821
4.925514	0.874190
4.927082	4.416632
4.928650	2.297649
4.930218	2.472868
4.931786	1.163114
4.933354	2.267527
4.934922	1.713358
4.936491	3.399432
4.938059	2.636228
4.939627	0.682618
4.941195	1.232920
4.942763	2.542757
4.944331	1.358382
4.945899	3.797573
4.947467	0.308041
4.949036	0.564784
4.950604	1.384773
4.952172	0.636820
4.953740	0.650709
4.955308	1.330874
4.956876	3.189201
4.958444	2.671183
4.960013	1.959478
4.961581	0.742000
4.963149	1.980010
4.964717	1.633324
4.966285	3.877823
4.967853	2.176369
4.969421	2.699725
4.970989	0.590903
4.972558	2.335953
4.974126	1.816998
4.975694	4.273113
4.977262	2.773749
4.978830	1.503709
4.980398	0.495155
4.981966	2.448753
4.983535	2.369176
4.985103	4.424514
4.986671	1.178636
4.988239	1.531589
4.989807	0.458325
4.991375	2.097929
4.992943	1.066545
4.994512	2.460987
4.996080	2.352828
4.997648	1.698259
4.999216	1.578474
