Beleuchtungsstärke vs Winkelposition, Messreihe #1
Winkelposition ( rad )	Beleuchtungsstärke ( lux )
0,000	26,3
0,000	26,7
0,000	26,5
0,000	26,5
0,000	26,6
0,000	26,7
0,000	26,6
0,000	26,6
0,000	26,6
0,000	26,7
0,000	26,6
0,000	26,8
0,000	26,5
0,000	26,6
0,000	26,7
0,000	26,7
0,000	26,6
0,000	26,4
0,000	26,5
0,000	26,6
0,000	26,5
0,000	26,5
0,000	26,3
0,000	26,6
0,000	26,5
0,000	26,5
0,000	26,3
0,000	26,5
0,000	26,6
0,000	26,4
0,000	26,4
0,000	26,6
0,000	26,6
0,000	26,6
0,000	26,5
0,000	26,4
0,000	26,6
0,000	26,6
0,000	26,7
0,000	26,5
0,000	26,9
0,000	26,7
0,000	26,6
0,000	26,8
0,000	26,9
0,000	27,0
0,000	26,8
0,000	26,4
0,000	26,2
0,000	26,3
0,000	26,3
0,000	26,1
0,002	25,8
0,002	26,1
0,002	25,9
0,003	25,7
0,003	25,6
0,003	25,5
0,005	25,5
0,005	25,5
0,005	25,2
0,006	25,1
0,006	25,1
0,008	25,0
0,008	24,8
0,009	24,6
0,009	24,7
0,011	24,6
0,011	24,3
0,013	24,5
0,014	24,4
0,014	24,2
0,016	24,1
0,017	24,3
0,019	24,1
0,020	23,9
0,022	24,1
0,024	24,0
0,025	23,8
0,027	23,9
0,027	23,9
0,028	23,9
0,030	23,6
0,031	23,9
0,031	23,9
0,033	23,7
0,035	23,8
0,035	23,9
0,036	23,8
0,036	23,6
0,036	23,8
0,038	23,8
0,038	23,6
0,039	23,8
0,039	23,8
0,041	23,6
0,041	23,5
0,041	23,7
0,041	23,7
0,042	23,6
0,042	23,9
0,044	23,7
0,044	23,6
0,046	23,5
0,046	23,8
0,046	23,6
0,047	23,6
0,047	23,7
0,049	23,7
0,050	23,5
0,050	23,5
0,050	23,7
0,050	23,6
0,052	23,5
0,052	23,6
0,053	23,6
0,053	23,5
0,053	23,4
0,055	23,6
0,055	23,6
0,055	23,4
0,057	23,6
0,057	23,5
0,058	23,5
0,058	23,3
0,060	23,5
0,060	23,4
0,061	23,3
0,061	23,5
0,063	23,4
0,063	23,2
0,064	23,1
0,066	23,3
0,068	23,2
0,069	23,0
0,069	23,2
0,071	23,1
0,071	23,1
0,072	23,0
0,072	23,2
0,074	23,0
0,074	22,9
0,075	23,2
0,075	23,1
0,077	22,9
0,077	23,1
0,079	23,1
0,079	23,0
0,079	22,9
0,079	23,1
0,080	23,0
0,080	22,9
0,082	23,1
0,082	23,1
0,082	23,1
0,083	22,9
0,083	23,1
0,085	23,1
0,085	23,0
0,085	23,2
0,086	23,2
0,086	23,1
0,086	23,1
0,088	23,3
0,088	23,3
0,088	23,2
0,090	23,4
0,090	23,5
0,091	23,4
0,091	23,4
0,091	23,6
0,091	23,6
0,093	23,5
0,093	23,8
0,094	24,0
0,094	24,0
0,094	23,9
0,096	24,2
0,096	24,3
0,097	24,3
0,097	24,5
0,097	24,7
0,099	24,8
0,099	24,7
0,099	25,1
0,101	25,0
0,101	25,1
0,102	25,3
0,102	25,6
0,102	25,6
0,102	25,7
0,104	25,8
0,104	26,1
0,104	26,1
0,104	26,1
0,104	26,1
0,105	26,2
0,105	26,6
0,105	26,7
0,107	26,8
0,107	27,0
0,108	27,3
0,108	27,7
0,110	27,8
0,110	27,9
0,110	28,2
0,112	28,1
0,112	28,3
0,112	28,5
0,112	28,6
0,112	28,9
0,113	28,9
0,113	28,8
0,113	29,0
0,113	29,3
0,113	29,5
0,113	29,6
0,115	29,5
0,115	29,8
0,115	30,0
0,115	30,3
0,115	30,4
0,116	30,5
0,116	30,9
0,118	31,0
0,118	31,2
0,118	31,7
0,118	32,0
0,119	32,3
0,119	32,4
0,121	32,8
0,121	33,1
0,121	33,5
0,123	33,5
0,123	33,6
0,123	33,9
0,123	34,0
0,123	34,0
0,123	34,0
0,123	34,4
0,123	34,4
0,124	34,5
0,124	34,6
0,124	34,8
0,124	34,8
0,124	34,9
0,124	35,0
0,124	35,2
0,124	35,4
0,126	35,6
0,126	35,7
0,126	36,1
0,127	36,4
0,127	36,4
0,127	36,4
0,127	36,8
0,127	36,9
0,127	37,1
0,129	37,2
0,129	37,5
0,129	37,8
0,129	37,9
0,129	37,9
0,130	38,2
0,130	38,5
0,130	38,7
0,130	38,7
0,130	39,1
0,130	39,0
0,130	39,2
0,132	39,5
0,132	39,7
0,132	39,8
0,132	39,7
0,132	39,5
0,132	39,9
0,132	39,9
0,132	40,1
0,132	40,2
0,132	40,4
0,134	40,3
0,134	40,5
0,134	40,6
0,134	40,9
0,134	41,0
0,134	41,1
0,134	41,0
0,134	41,2
0,134	41,5
0,135	41,4
0,135	41,8
0,135	42,0
0,135	42,2
0,135	42,2
0,135	42,2
0,135	42,5
0,137	42,5
0,137	42,7
0,137	42,8
0,137	43,0
0,137	42,9
0,137	42,9
0,137	43,1
0,137	43,2
0,137	43,3
0,137	43,2
0,137	43,4
0,137	43,5
0,138	43,6
0,138	43,7
0,138	44,0
0,138	44,1
0,138	44,0
0,138	44,2
0,138	44,5
0,140	44,9
0,140	44,8
0,140	45,0
0,140	45,3
0,140	45,5
0,140	45,7
0,141	45,9
0,141	46,4
0,141	46,8
0,143	46,9
0,143	47,2
0,143	47,6
0,143	47,9
0,143	47,9
0,143	48,6
0,145	48,8
0,145	49,0
0,145	49,0
0,145	49,6
0,146	49,9
0,146	50,2
0,146	50,6
0,148	50,8
0,148	51,2
0,148	51,2
0,148	51,6
0,148	52,0
0,148	52,1
0,149	52,6
0,149	53,1
0,149	53,2
0,149	53,5
0,151	53,8
0,151	54,3
0,151	54,7
0,151	54,9
0,151	54,9
0,152	55,1
0,152	55,3
0,152	55,7
0,152	55,7
0,152	55,9
0,152	56,1
0,154	56,7
0,154	56,5
0,154	56,7
0,154	56,9
0,154	57,1
0,154	57,4
0,154	57,6
0,154	57,6
0,154	57,7
0,156	58,3
0,156	58,5
0,156	58,4
0,156	58,5
0,156	58,5
0,156	59,1
0,156	59,1
0,156	59,2
0,156	59,4
0,157	59,4
0,157	59,9
0,157	59,9
0,157	60,1
0,157	60,2
0,157	60,5
0,159	61,0
0,159	61,3
0,159	61,4
0,159	61,7
0,159	61,8
0,160	62,2
0,160	62,6
0,160	62,9
0,160	62,8
0,160	63,2
0,160	63,5
0,162	63,5
0,162	63,6
0,162	64,0
0,162	64,2
0,162	64,2
0,162	64,4
0,162	64,6
0,162	64,7
0,163	65,2
0,163	65,6
0,163	65,5
0,163	65,6
0,163	65,9
0,163	66,4
0,163	66,4
0,165	66,7
0,165	66,7
0,165	67,3
0,165	67,6
0,165	67,9
0,167	67,9
0,167	68,1
0,167	68,5
0,167	68,7
0,167	68,9
0,167	69,1
0,168	69,4
0,168	69,9
0,168	69,9
0,168	69,9
0,168	70,0
0,168	70,4
0,168	70,5
0,170	70,9
0,170	70,9
0,170	71,2
0,170	71,4
0,170	71,2
0,170	71,4
0,170	71,3
0,170	71,8
0,170	71,7
0,170	72,3
0,171	71,7
0,171	72,2
0,171	72,6
0,171	72,6
0,171	72,5
0,171	72,8
0,171	73,3
0,171	73,2
0,173	73,4
0,173	73,6
0,173	73,8
0,173	74,1
0,173	74,3
0,173	74,2
0,173	74,4
0,174	75,1
0,174	75,1
0,174	75,2
0,174	75,4
0,174	76,1
0,174	75,9
0,176	76,2
0,176	76,4
0,176	76,1
0,176	76,7
0,176	77,1
0,176	77,0
0,176	76,9
0,176	77,3
0,178	77,5
0,178	77,6
0,178	77,6
0,178	77,8
0,178	78,1
0,178	78,2
0,178	78,5
0,178	78,5
0,179	79,0
0,179	79,2
0,179	79,5
0,179	79,6
0,179	79,4
0,181	80,0
0,181	79,9
0,181	79,9
0,181	80,2
0,181	80,5
0,181	80,7
0,181	80,6
0,181	80,4
0,182	80,6
0,182	81,2
0,182	81,1
0,182	81,2
0,182	81,0
0,182	81,4
0,182	81,6
0,182	81,6
0,182	81,4
0,184	81,9
0,184	82,0
0,184	81,8
0,184	82,1
0,184	82,0
0,184	82,4
0,184	82,4
0,184	82,3
0,184	82,3
0,184	82,6
0,185	82,7
0,185	82,8
0,185	82,7
0,185	82,7
0,185	83,2
0,185	83,3
0,185	83,2
0,187	83,3
0,187	84,1
0,187	84,0
0,187	84,0
0,187	84,0
0,187	84,6
0,188	84,6
0,188	84,7
0,188	84,7
0,188	84,6
0,188	85,1
0,188	85,4
0,190	85,2
0,190	85,3
0,190	85,8
0,190	85,8
0,190	85,7
0,190	85,6
0,190	85,6
0,190	86,2
0,190	86,3
0,192	86,1
0,192	86,1
0,192	86,6
0,192	86,5
0,192	86,7
0,192	86,5
0,192	87,0
0,193	87,0
0,193	86,9
0,193	87,0
0,193	87,4
0,193	87,5
0,193	87,5
0,193	87,5
0,193	87,4
0,195	88,0
0,195	88,1
0,195	87,9
0,195	87,7
0,195	88,3
0,195	88,4
0,195	88,4
0,195	88,3
0,195	88,2
0,195	88,8
0,196	88,7
0,196	88,5
0,196	88,5
0,196	89,1
0,196	89,1
0,196	88,8
0,196	89,0
0,198	89,4
0,198	89,3
0,198	89,1
0,198	89,2
0,198	89,1
0,198	89,5
0,198	89,5
0,198	89,3
0,198	89,3
0,198	89,3
0,198	89,4
0,198	89,5
0,198	89,3
0,198	89,6
0,198	89,6
0,198	89,5
0,198	89,5
0,199	89,7
0,199	90,0
0,199	89,7
0,199	89,7
0,199	89,9
0,201	90,3
0,201	90,5
0,201	90,2
0,201	90,2
0,201	90,4
0,201	90,9
0,203	90,6
0,203	90,6
0,203	91,0
0,203	90,9
0,203	90,7
0,203	91,0
0,203	90,8
0,203	91,3
0,203	91,1
0,203	91,0
0,204	90,6
0,204	91,1
0,204	91,0
0,204	90,9
0,204	90,7
0,204	91,2
0,204	91,2
0,204	91,1
0,204	90,8
0,204	90,8
0,204	91,6
0,204	91,2
0,204	91,0
0,204	91,0
0,204	91,6
0,204	91,6
0,204	91,5
0,206	91,1
0,206	91,9
0,206	91,6
0,206	91,6
0,206	91,3
0,206	91,2
0,206	91,9
0,206	91,8
0,206	91,6
0,206	91,5
0,207	91,8
0,207	92,0
0,207	91,8
0,207	91,8
0,207	91,7
0,207	91,8
0,207	92,0
0,207	92,0
0,209	92,0
0,209	92,1
0,209	91,8
0,209	92,0
0,209	91,6
0,209	92,2
0,209	91,7
0,209	91,9
0,210	91,7
0,210	92,1
0,210	92,2
0,210	92,0
0,210	91,8
0,210	92,2
0,210	92,0
0,212	92,0
0,212	92,0
0,212	92,2
0,212	92,3
0,212	92,1
0,212	91,9
0,212	92,0
0,212	92,3
0,212	92,1
0,212	92,1
0,212	91,9
0,214	92,4
0,214	92,2
0,214	92,1
0,214	91,9
0,214	92,6
0,214	92,4
0,215	92,1
0,215	92,0
0,215	92,0
0,215	92,6
0,215	92,0
0,215	91,9
0,215	91,8
0,215	92,3
0,217	92,4
0,217	92,0
0,217	91,8
0,217	92,5
0,217	92,3
0,217	92,1
0,217	91,8
0,217	92,4
0,217	92,5
0,217	92,3
0,217	91,7
0,218	91,8
0,218	92,3
0,218	92,1
0,218	92,1
0,218	91,8
0,218	92,2
0,220	91,6
0,220	91,6
0,220	91,4
0,221	92,0
0,221	91,7
0,221	91,6
0,221	91,5
0,221	91,0
0,221	91,7
0,221	91,2
0,221	91,0
0,223	90,9
0,223	91,4
0,223	91,1
0,223	90,7
0,223	90,7
0,223	91,2
0,223	91,0
0,223	90,7
0,223	90,5
0,225	90,5
0,225	90,7
0,225	90,8
0,225	90,4
0,225	90,2
0,225	90,8
0,225	90,7
0,225	90,2
0,225	90,0
0,226	90,7
0,226	90,1
0,226	90,0
0,226	89,6
0,226	89,6
0,226	89,9
0,228	89,7
0,228	89,2
0,228	89,0
0,228	89,3
0,229	89,0
0,229	88,6
0,229	88,5
0,229	89,1
0,229	88,7
0,231	88,3
0,231	87,9
0,231	87,6
0,231	88,1
0,231	88,0
0,232	87,8
0,232	87,5
0,232	88,1
0,232	87,7
0,232	87,5
0,232	87,3
0,232	87,5
0,232	87,4
0,232	86,9
0,232	86,8
0,234	86,8
0,234	86,8
0,234	86,6
0,234	86,4
0,234	86,2
0,234	86,3
0,234	86,1
0,236	85,9
0,236	85,8
0,236	86,3
0,236	85,8
0,236	85,4
0,236	85,3
0,236	85,1
0,237	85,2
0,237	85,0
0,237	84,7
0,237	84,5
0,237	84,9
0,239	84,4
0,239	84,3
0,239	84,2
0,239	84,6
0,239	84,4
0,239	83,9
0,239	83,4
0,240	83,4
0,240	83,7
0,240	83,4
0,240	82,9
0,240	82,9
0,240	83,0
0,242	82,8
0,242	82,5
0,242	82,3
0,242	82,1
0,242	82,1
0,242	81,6
0,243	81,4
0,243	81,2
0,243	81,5
0,243	81,1
0,243	80,9
0,243	80,6
0,245	81,0
0,245	80,7
0,245	80,4
0,245	80,2
0,245	80,3
0,245	80,3
0,245	79,9
0,245	79,7
0,247	79,5
0,247	79,7
0,247	79,4
0,247	79,1
0,247	79,0
0,247	79,1
0,247	79,0
0,247	78,8
0,248	78,7
0,248	78,6
0,248	78,9
0,248	78,8
0,248	78,5
0,248	78,3
0,248	78,4
0,248	78,6
0,248	78,2
0,248	78,3
0,248	78,0
0,248	78,5
0,248	78,0
0,248	77,7
0,250	77,7
0,250	77,6
0,250	77,6
0,250	77,5
0,250	77,1
0,250	77,0
0,250	77,2
0,250	76,8
0,250	76,7
0,251	76,4
0,251	76,5
0,251	76,5
0,251	76,2
0,251	76,2
0,251	76,1
0,251	76,3
0,251	76,2
0,251	75,9
0,251	75,5
0,253	75,2
0,253	75,5
0,253	75,2
0,253	75,0
0,253	74,8
0,253	75,1
0,253	74,6
0,253	74,5
0,253	74,3
0,254	74,4
0,254	74,2
0,254	74,0
0,254	74,0
0,254	73,8
0,254	74,0
0,254	73,8
0,254	73,5
0,254	73,4
0,254	73,5
0,256	73,3
0,256	73,1
0,256	72,7
0,256	72,8
0,256	72,7
0,256	72,6
0,256	72,0
0,258	71,9
0,258	71,6
0,258	71,5
0,259	71,0
0,259	70,3
0,259	69,9
0,259	70,2
0,259	69,9
0,261	69,3
0,261	68,9
0,261	68,9
0,261	68,9
0,261	68,6
0,261	68,6
0,261	68,4
0,262	68,3
0,262	68,2
0,262	67,9
0,262	67,7
0,262	67,8
0,262	67,7
0,262	67,5
0,262	67,4
0,262	67,5
0,262	67,6
0,262	67,4
0,262	67,2
0,262	67,1
0,262	67,0
0,264	67,4
0,264	66,8
0,264	66,7
0,264	66,5
0,264	66,9
0,264	66,6
0,264	66,2
0,264	66,1
0,264	66,0
0,264	66,1
0,264	65,8
0,264	65,5
0,265	65,3
0,265	65,2
0,265	65,4
0,265	64,9
0,265	64,8
0,265	64,6
0,265	64,6
0,265	64,5
0,265	64,4
0,267	64,1
0,267	64,0
0,267	64,1
0,267	63,9
0,267	63,6
0,267	63,7
0,267	63,5
0,267	63,4
0,267	63,1
0,267	63,0
0,269	62,8
0,269	63,0
0,269	63,2
0,269	62,8
0,269	62,6
0,269	62,5
0,269	62,6
0,269	62,4
0,269	62,1
0,269	62,0
0,269	61,9
0,269	62,0
0,269	61,8
0,269	61,7
0,269	61,4
0,270	61,4
0,270	61,6
0,270	61,4
0,270	61,3
0,270	61,1
0,270	61,2
0,270	60,9
0,270	60,6
0,270	60,6
0,270	60,5
0,270	60,4
0,270	60,1
0,272	59,8
0,272	59,6
0,272	59,7
0,272	59,8
0,272	59,3
0,272	58,7
0,272	58,8
0,273	58,6
0,273	58,7
0,273	58,2
0,273	57,8
0,273	57,7
0,273	57,7
0,273	57,7
0,273	57,5
0,273	57,0
0,275	56,8
0,275	56,9
0,275	57,0
0,275	56,7
0,275	56,5
0,275	56,4
0,275	56,2
0,275	56,2
0,275	56,0
0,275	55,8
0,275	55,6
0,275	55,8
0,276	55,7
0,276	55,3
0,276	54,8
0,276	54,6
0,276	54,3
0,278	54,3
0,278	53,7
0,278	53,5
0,278	53,4
0,278	53,3
0,278	53,1
0,278	52,9
0,280	52,8
0,280	52,8
0,280	52,7
0,280	52,7
0,280	52,4
0,280	52,3
0,280	52,4
0,280	52,3
0,280	52,1
0,280	52,2
0,280	51,9
0,280	52,0
0,280	52,0
0,280	52,0
0,280	51,7
0,280	51,6
0,281	51,5
0,281	51,4
0,281	51,2
0,281	51,1
0,281	50,6
0,281	50,2
0,283	50,1
0,283	49,9
0,283	49,7
0,283	49,3
0,283	49,3
0,283	49,2
0,283	49,1
0,283	48,9
0,284	48,8
0,284	48,7
0,284	48,7
0,284	48,6
0,284	48,7
0,284	48,3
0,284	48,5
0,284	48,5
0,284	48,6
0,284	48,4
0,284	48,4
0,284	48,4
0,284	48,4
0,284	48,3
0,284	48,1
0,284	48,2
0,284	48,1
0,284	47,9
0,284	47,8
0,284	47,8
0,284	47,5
0,286	47,3
0,286	47,2
0,286	47,1
0,286	46,8
0,286	46,5
0,286	46,4
0,286	46,3
0,286	46,0
0,287	45,9
0,287	45,8
0,287	45,7
0,287	45,6
0,287	45,4
0,287	45,4
0,287	45,3
0,287	45,0
0,287	45,0
0,287	44,8
0,287	44,8
0,287	44,5
0,289	44,3
0,289	44,2
0,289	44,1
0,289	43,7
0,289	43,6
0,289	43,5
0,289	43,4
0,291	43,0
0,291	42,9
0,291	43,0
0,291	42,6
0,291	42,5
0,291	42,5
0,291	42,5
0,291	42,0
0,292	42,0
0,292	41,9
0,292	42,0
0,292	41,6
0,292	41,5
0,292	41,4
0,292	41,3
0,292	41,2
0,292	41,0
0,294	40,9
0,294	40,6
0,294	40,3
0,294	40,1
0,294	39,9
0,295	39,6
0,295	39,5
0,295	39,3
0,295	39,1
0,295	38,8
0,295	38,7
0,295	38,6
0,297	38,6
0,297	38,5
0,297	38,2
0,297	38,1
0,297	38,0
0,297	37,8
0,297	37,6
0,297	37,4
0,297	37,3
0,298	36,9
0,298	36,7
0,298	36,6
0,298	36,6
0,300	36,2
0,300	35,8
0,300	35,7
0,300	35,4
0,300	35,1
0,302	34,8
0,302	34,7
0,302	34,6
0,302	34,3
0,303	34,1
0,303	34,0
0,303	33,9
0,303	33,7
0,303	33,6
0,303	33,5
0,303	33,5
0,303	33,3
0,305	33,2
0,305	33,0
0,305	33,0
0,305	32,6
0,305	32,5
0,306	32,2
0,306	32,2
0,306	32,1
0,306	31,9
0,306	31,9
0,306	31,8
0,308	31,6
0,308	31,4
0,308	31,4
0,308	31,3
0,308	31,4
0,308	31,2
0,308	31,1
0,308	31,0
0,308	31,2
0,308	30,9
0,308	30,8
0,309	30,7
0,309	30,7
0,309	30,4
0,309	30,4
0,309	30,3
0,309	30,4
0,309	30,1
0,309	30,0
0,309	29,9
0,309	30,1
0,309	29,9
0,311	29,7
0,311	29,6
0,311	29,6
0,311	29,7
0,311	29,3
0,311	29,3
0,311	29,4
0,311	29,4
0,311	29,1
0,311	29,1
0,311	29,0
0,313	29,0
0,313	28,9
0,313	28,7
0,313	28,5
0,313	28,4
0,313	28,2
0,314	28,2
0,314	28,1
0,314	28,1
0,314	28,2
0,314	27,9
0,314	27,9
0,314	28,0
0,314	28,0
0,314	27,9
0,314	27,6
0,314	27,7
0,314	27,7
0,314	27,7
0,314	27,4
0,314	27,5
0,316	27,3
0,316	27,3
0,316	27,0
0,316	27,0
0,316	26,9
0,316	26,9
0,316	26,7
0,317	26,5
0,317	26,4
0,317	26,4
0,317	26,4
0,317	26,0
0,319	25,9
0,319	25,9
0,319	25,8
0,319	25,7
0,319	25,5
0,319	25,5
0,320	25,4
0,320	25,2
0,320	25,2
0,320	25,1
0,320	25,0
0,320	25,1
0,322	24,9
0,322	24,7
0,322	24,6
0,322	24,4
0,324	24,3
0,324	24,2
0,324	24,1
0,324	24,0
0,325	23,8
0,325	23,8
0,325	23,6
0,325	23,4
0,327	23,5
0,327	23,6
0,327	23,3
0,327	23,2
0,327	23,3
0,327	23,1
0,328	23,0
0,328	23,0
0,328	23,1
0,328	22,8
0,328	22,7
0,330	22,8
0,330	22,6
0,330	22,5
0,330	22,5
0,330	22,6
0,330	22,3
0,330	22,4
0,331	22,5
0,331	22,2
0,331	22,1
0,331	22,2
0,331	22,2
0,331	22,0
0,333	22,0
0,333	22,0
0,333	21,8
0,333	21,8
0,333	21,8
0,333	21,9
0,335	21,6
0,335	21,6
0,335	21,6
0,335	21,4
0,335	21,4
0,335	21,4
0,336	21,5
0,336	21,2
0,336	21,2
0,336	21,3
0,336	21,1
0,336	21,1
0,336	21,1
0,338	21,2
0,338	21,0
0,338	21,0
0,338	21,0
0,338	20,9
0,338	20,9
0,338	20,9
0,338	21,0
0,339	20,8
0,339	20,8
0,339	20,9
0,339	20,8
0,339	20,7
0,339	20,8
0,339	21,0
0,339	20,7
0,339	20,7
0,339	20,9
0,339	20,9
0,339	20,6
0,339	20,6
0,339	20,8
0,339	20,5
0,341	20,6
0,341	20,7
0,341	20,8
0,341	20,5
0,341	20,6
0,341	20,6
0,341	20,4
0,341	20,4
0,341	20,5
0,341	20,6
0,341	20,3
0,342	20,4
0,342	20,4
0,342	20,1
0,342	20,1
0,342	20,2
0,344	20,3
0,344	20,1
0,344	20,1
0,344	20,2
0,344	20,0
0,344	20,0
0,344	20,1
0,344	20,2
0,344	19,9
0,344	20,0
0,344	20,1
0,344	19,9
0,344	20,0
0,344	20,0
0,344	20,0
0,346	19,8
0,346	19,9
0,346	20,0
0,346	20,0
0,346	19,8
0,346	19,8
0,346	19,9
0,346	19,7
0,346	19,7
0,346	19,9
0,346	19,9
0,347	19,6
0,347	19,7
0,347	19,8
0,347	19,5
0,347	19,5
0,347	19,6
0,349	19,6
0,349	19,4
0,349	19,5
0,349	19,6
0,349	19,6
0,349	19,4
0,349	19,4
0,349	19,5
0,349	19,3
0,350	19,3
0,350	19,4
0,350	19,5
0,350	19,2
0,350	19,3
0,350	19,4
0,350	19,1
0,350	19,1
0,352	19,3
0,352	19,4
0,352	19,1
0,352	19,1
0,352	19,3
0,352	19,3
0,352	19,1
0,352	19,1
0,352	19,2
0,352	19,0
0,352	19,0
0,353	19,2
0,353	19,2
0,353	18,9
0,353	19,0
0,353	19,0
0,353	19,1
0,353	18,9
0,353	19,0
0,355	19,0
0,355	18,8
0,355	18,8
0,355	19,0
0,355	19,0
0,355	18,7
0,355	18,8
0,355	19,0
0,355	18,6
0,357	18,7
0,357	18,8
0,357	18,8
0,357	18,6
0,357	18,6
0,357	18,7
0,357	18,8
0,358	18,5
0,358	18,6
0,358	18,6
0,358	18,4
0,358	18,5
0,358	18,6
0,358	18,6
0,360	18,4
0,360	18,5
0,360	18,6
0,360	18,3
0,360	18,4
0,360	18,5
0,360	18,5
0,360	18,3
0,360	18,4
0,360	18,5
0,360	18,2
0,360	18,2
0,361	18,3
0,361	18,4
0,361	18,2
0,361	18,2
0,361	18,3
0,361	18,4
0,361	18,2
0,361	18,3
0,361	18,3
0,363	18,0
0,363	18,2
0,363	18,3
0,363	18,3
0,363	18,0
0,363	18,1
0,363	18,2
0,363	18,0
0,363	18,0
0,363	18,1
0,363	18,2
0,364	17,9
0,364	18,0
0,364	18,0
0,364	18,0
0,364	17,9
0,364	17,9
0,366	18,0
0,366	17,7
0,366	17,8
0,366	17,9
0,366	17,9
0,366	17,7
0,366	17,8
0,366	17,8
0,366	17,9
0,368	17,7
0,368	17,8
0,368	17,8
0,368	17,6
0,368	17,7
0,368	17,7
0,368	17,8
0,368	17,5
0,368	17,6
0,368	17,7
0,368	17,7
0,369	17,5
0,369	17,6
0,369	17,6
0,369	17,5
0,369	17,5
0,369	17,6
0,369	17,6
0,369	17,4
0,369	17,5
0,369	17,5
0,371	17,3
0,371	17,3
0,371	17,4
0,371	17,5
0,371	17,3
0,371	17,3
0,371	17,4
0,371	17,4
0,371	17,1
0,372	17,2
0,372	17,3
0,372	17,3
0,372	17,0
0,374	17,2
0,374	17,1
0,374	16,9
0,375	16,9
0,375	16,9
0,375	16,9
0,377	16,7
0,377	16,7
0,377	16,8
0,377	16,6
0,379	16,7
0,379	16,7
0,379	16,6
0,379	16,4
0,380	16,4
0,380	16,4
0,380	16,5
0,380	16,3
0,382	16,4
0,382	16,3
0,382	16,3
0,382	16,1
0,382	16,2
0,382	16,2
0,383	16,0
0,383	16,1
0,383	16,2
0,383	16,2
0,383	16,0
0,385	15,9
0,385	16,0
0,385	16,1
0,386	16,0
0,386	15,8
0,386	16,0
0,386	15,9
0,388	15,7
0,388	15,8
0,390	15,8
0,390	15,5
0,390	15,6
0,391	15,5
0,391	15,5
0,393	15,3
0,393	15,2
0,394	15,4
0,394	15,3
0,394	15,0
0,394	15,1
0,396	15,1
0,396	15,0
0,396	14,9
0,396	14,9
0,397	15,0
0,397	14,8
0,397	14,8
0,397	14,8
0,397	14,8
0,397	14,6
0,397	14,7
0,399	14,7
0,399	14,7
0,399	14,5
0,399	14,7
0,399	14,8
0,399	14,7
0,399	14,6
0,399	14,6
0,399	14,7
0,401	14,6
0,401	14,6
0,401	14,6
0,401	14,5
0,401	14,5
0,401	14,4
0,402	14,5
0,402	14,6
0,402	14,3
0,402	14,3
0,402	14,4
0,404	14,3
0,404	14,2
0,404	14,3
0,404	14,3
0,404	14,3
0,404	14,1
0,404	14,2
0,404	14,2
0,404	14,2
0,405	14,0
0,405	14,2
0,405	14,3
0,405	14,1
0,405	14,0
0,405	14,2
0,405	14,2
0,405	14,1
0,405	14,0
0,407	14,0
0,407	14,0
0,407	13,9
0,407	14,0
0,407	13,9
0,408	14,0
0,408	13,8
0,408	13,8
0,408	13,9
0,408	13,9
0,408	13,7
0,408	13,8
0,408	13,9
0,410	13,9
0,410	13,6
0,410	13,7
0,410	13,8
0,410	13,8
0,410	13,6
0,410	13,8
0,410	13,8
0,412	13,7
0,412	13,6
0,412	13,7
0,412	13,7
0,412	13,7
0,412	13,6
0,412	13,7
0,412	13,7
0,413	13,6
0,413	13,5
0,413	13,5
0,415	13,6
0,415	13,5
0,415	13,5
0,415	13,5
0,416	13,5
0,416	13,2
0,418	13,3
0,418	13,4
0,418	13,4
0,419	13,2
0,419	13,3
0,419	13,3
0,419	13,3
0,419	13,2
0,419	13,2
0,419	13,3
0,421	13,3
0,421	13,2
0,421	13,2
0,421	13,3
0,421	13,3
0,421	13,1
0,421	13,3
0,421	13,3
0,421	13,3
0,423	13,2
0,423	13,3
0,423	13,3
0,423	13,3
0,423	13,2
0,423	13,3
0,423	13,3
0,423	13,3
0,424	13,2
0,424	13,3
0,424	13,3
0,424	13,2
0,424	13,1
0,424	13,2
0,426	13,3
0,426	13,1
0,426	13,2
0,426	13,2
0,426	13,3
0,426	13,1
0,427	13,1
0,427	13,2
0,427	13,3
0,427	13,1
0,427	13,2
0,427	13,3
0,429	13,2
0,429	13,1
0,429	13,3
0,429	13,3
0,430	13,3
0,430	13,1
0,430	13,3
0,430	13,3
0,430	13,3
0,430	13,2
0,430	13,3
0,432	13,3
0,432	13,3
0,432	13,2
0,432	13,3
0,432	13,3
0,432	13,3
0,432	13,3
0,432	13,3
0,434	13,4
0,434	13,2
0,434	13,2
0,434	13,3
0,434	13,3
0,434	13,2
0,434	13,3
0,435	13,3
0,435	13,3
0,435	13,2
0,435	13,4
0,435	13,4
0,437	13,4
0,437	13,2
0,437	13,4
0,437	13,5
0,438	13,4
0,438	13,3
0,438	13,5
0,438	13,5
0,438	13,6
0,440	13,5
0,440	13,6
0,440	13,5
0,440	13,5
0,440	13,4
0,440	13,6
0,441	13,7
0,441	13,6
0,441	13,6
0,441	13,6
0,441	13,7
0,443	13,7
0,443	13,6
0,443	13,7
0,443	13,7
0,443	13,7
0,443	13,7
0,443	13,8
0,445	13,8
0,445	13,7
0,445	13,8
0,446	13,9
0,446	14,0
0,448	13,9
0,448	14,0
0,448	14,0
0,448	14,0
0,448	13,9
0,448	14,0
0,449	14,1
0,449	14,0
0,449	14,0
0,449	14,1
0,449	14,2
0,449	14,1
0,451	14,1
0,451	14,2
0,451	14,2
0,451	14,2
0,451	14,2
0,451	14,2
0,451	14,3
0,452	14,2
0,452	14,2
0,452	14,3
0,454	14,4
0,454	14,3
0,454	14,3
0,456	14,5
0,456	14,5
0,456	14,3
0,456	14,4
0,456	14,5
0,456	14,5
0,457	14,4
0,457	14,6
0,457	14,7
0,457	14,6
0,457	14,5
0,457	14,7
0,459	14,8
0,459	14,7
0,459	14,7
0,459	14,7
0,459	14,8
0,459	14,7
0,459	14,7
0,459	14,8
0,459	14,8
0,459	14,6
0,459	14,8
0,459	14,7
0,459	14,8
0,459	14,7
0,460	14,8
0,460	14,8
0,460	14,8
0,460	14,8
0,460	14,9
0,460	14,9
0,460	14,8
0,462	14,8
0,462	14,9
0,462	14,9
0,462	14,9
0,462	15,0
0,462	15,0
0,463	15,0
0,463	14,9
0,463	15,0
0,463	15,1
0,465	15,1
0,465	15,1
0,465	15,3
0,465	15,3
0,465	15,2
0,465	15,2
0,467	15,3
0,467	15,3
0,467	15,3
0,467	15,4
0,467	15,4
0,468	15,4
0,468	15,2
0,468	15,4
0,468	15,5
0,468	15,4
0,470	15,4
0,470	15,5
0,470	15,6
0,471	15,5
0,471	15,6
0,471	15,6
0,473	15,6
0,473	15,5
0,473	15,8
0,473	15,8
0,474	15,8
0,474	15,7
0,474	15,7
0,474	15,8
0,474	15,8
0,474	15,8
0,474	15,9
0,474	15,8
0,476	15,8
0,476	15,9
0,476	16,0
0,476	16,0
0,476	15,9
0,476	16,0
0,478	16,0
0,478	16,0
0,478	16,0
0,478	16,1
0,478	16,1
0,479	16,0
0,479	16,0
0,479	16,2
0,479	16,1
0,481	16,0
0,481	16,0
0,481	16,2
0,481	16,1
0,482	16,0
0,482	16,1
0,482	16,1
0,484	16,1
0,484	16,1
0,484	16,2
0,484	16,2
0,484	16,2
0,485	16,1
0,485	16,2
0,485	16,2
0,485	16,2
0,485	16,2
0,487	16,3
0,487	16,3
0,487	16,2
0,487	16,3
0,487	16,3
0,487	16,2
0,487	16,2
0,487	16,3
0,489	16,3
0,489	16,3
0,489	16,3
0,489	16,3
0,489	16,3
0,489	16,2
0,489	16,2
0,489	16,3
0,490	16,3
0,490	16,2
0,490	16,3
0,490	16,4
0,490	16,3
0,490	16,2
0,490	16,3
0,490	16,3
0,490	16,2
0,492	16,2
0,492	16,4
0,492	16,3
0,492	16,2
0,492	16,3
0,492	16,3
0,492	16,3
0,492	16,2
0,492	16,4
0,493	16,4
0,493	16,3
0,493	16,3
0,493	16,5
0,493	16,4
0,493	16,3
0,495	16,4
0,495	16,5
0,495	16,4
0,495	16,3
0,495	16,4
0,495	16,4
0,495	16,3
0,496	16,3
0,496	16,3
0,496	16,3
0,496	16,3
0,496	16,3
0,496	16,3
0,496	16,3
0,496	16,2
0,496	16,3
0,496	16,3
0,496	16,3
0,496	16,2
0,498	16,3
0,498	16,4
0,498	16,3
0,498	16,3
0,498	16,3
0,498	16,3
0,498	16,2
0,500	16,3
0,500	16,3
0,500	16,3
0,500	16,2
0,500	16,3
0,501	16,3
0,501	16,2
0,501	16,2
0,501	16,3
0,501	16,3
0,501	16,2
0,503	16,2
0,503	16,3
0,503	16,3
0,503	16,2
0,504	16,3
0,504	16,3
0,504	16,2
0,504	16,2
0,504	16,3
0,506	16,4
0,506	16,3
0,506	16,2
0,506	16,3
0,506	16,3
0,507	16,3
0,507	16,3
0,507	16,4
0,509	16,3
0,509	16,3
0,509	16,3
0,509	16,3
0,509	16,2
0,511	16,2
0,511	16,3
0,511	16,4
0,511	16,3
0,511	16,3
0,511	16,3
0,512	16,3
0,512	16,3
0,512	16,3
0,512	16,3
0,514	16,3
0,514	16,2
0,514	16,3
0,515	16,3
0,515	16,3
0,515	16,3
0,515	16,3
0,515	16,4
0,517	16,3
0,517	16,3
0,517	16,4
0,517	16,4
0,518	16,3
0,518	16,4
0,518	16,5
0,520	16,5
0,520	16,4
0,520	16,5
0,520	16,6
0,522	16,5
0,522	16,5
0,522	16,6
0,523	16,6
0,523	16,6
0,523	16,6
0,523	16,7
0,523	16,7
0,525	16,6
0,525	16,7
0,525	16,8
0,525	16,7
0,525	16,7
0,525	16,8
0,526	16,8
0,526	16,8
0,526	16,9
0,526	17,0
0,528	16,9
0,528	16,9
0,528	17,0
0,528	17,1
0,528	17,0
0,528	17,0
0,529	17,2
0,529	17,2
0,529	17,1
0,529	17,2
0,529	17,3
0,529	17,3
0,531	17,2
0,531	17,4
0,531	17,4
0,531	17,4
0,531	17,5
0,533	17,6
0,533	17,7
0,533	17,6
0,534	17,8
0,534	17,9
0,534	17,9
0,536	18,0
0,536	18,1
0,536	18,1
0,536	18,0
0,536	18,1
0,536	18,2
0,536	18,3
0,537	18,1
0,537	18,3
0,537	18,4
0,537	18,3
0,537	18,4
0,537	18,5
0,537	18,5
0,537	18,4
0,537	18,5
0,537	18,6
0,537	18,6
0,539	18,5
0,539	18,7
0,539	18,8
0,539	18,7
0,539	18,8
0,540	18,9
0,540	19,0
0,540	18,9
0,540	19,1
0,540	19,1
0,542	19,1
0,542	19,2
0,542	19,3
0,542	19,3
0,542	19,3
0,542	19,4
0,543	19,6
0,543	19,6
0,543	19,7
0,543	19,8
0,543	19,9
0,545	19,9
0,545	20,0
0,545	20,1
0,545	20,2
0,545	20,2
0,545	20,4
0,547	20,5
0,547	20,5
0,547	20,6
0,547	20,7
0,547	20,7
0,547	20,7
0,547	20,9
0,548	21,0
0,548	21,0
0,548	21,1
0,548	21,3
0,548	21,4
0,550	21,5
0,550	21,7
0,550	21,8
0,551	21,8
0,551	21,9
0,551	22,1
0,551	22,2
0,551	22,2
0,551	22,4
0,553	22,4
0,553	22,5
0,553	22,7
0,553	22,8
0,553	23,0
0,554	23,1
0,554	23,3
0,554	23,5
0,556	23,7
0,556	23,9
0,556	24,0
0,558	24,2
0,558	24,1
0,558	24,4
0,558	24,5
0,558	24,5
0,558	24,6
0,558	24,7
0,559	24,7
0,559	24,7
0,559	24,9
0,559	25,0
0,559	25,0
0,559	25,1
0,559	25,3
0,559	25,4
0,561	25,5
0,561	25,6
0,561	25,9
0,562	26,0
0,562	26,1
0,562	26,2
0,562	26,4
0,562	26,7
0,564	26,8
0,564	26,9
0,564	27,1
0,565	27,3
0,565	27,5
0,565	27,5
0,565	27,6
0,567	27,9
0,567	28,0
0,567	28,1
0,567	28,1
0,567	28,3
0,569	28,4
0,569	28,4
0,569	28,5
0,569	28,6
0,569	28,8
0,569	29,0
0,570	29,0
0,570	29,1
0,570	29,4
0,570	29,5
0,570	29,6
0,570	29,7
0,572	29,9
0,572	30,1
0,572	30,2
0,572	30,2
0,572	30,4
0,573	30,6
0,573	30,6
0,573	30,6
0,573	30,8
0,573	30,9
0,573	31,0
0,573	31,1
0,573	31,2
0,573	31,4
0,575	31,6
0,575	31,7
0,575	31,8
0,575	32,1
0,575	32,3
0,576	32,5
0,576	32,5
0,576	32,8
0,576	33,0
0,576	33,1
0,578	33,1
0,578	33,3
0,578	33,6
0,578	33,6
0,578	33,8
0,580	34,0
0,580	34,2
0,580	34,3
0,580	34,4
0,580	34,6
0,581	34,8
0,581	34,9
0,581	35,0
0,581	35,2
0,581	35,4
0,583	35,6
0,583	35,7
0,583	35,9
0,584	36,2
0,584	36,3
0,584	36,4
0,584	36,6
0,584	36,8
0,586	36,9
0,586	37,0
0,586	37,3
0,587	37,6
0,587	37,8
0,587	38,0
0,589	38,1
0,589	38,3
0,589	38,4
0,589	38,4
0,589	38,6
0,591	38,8
0,591	38,8
0,591	38,9
0,591	39,1
0,591	39,3
0,592	39,4
0,592	39,4
0,592	39,6
0,592	39,8
0,592	39,8
0,592	39,8
0,594	39,9
0,594	40,1
0,594	40,1
0,594	40,0
0,594	40,3
0,594	40,4
0,594	40,4
0,594	40,3
0,594	40,5
0,594	40,5
0,595	40,5
0,595	40,5
0,595	40,8
0,595	40,7
0,595	40,8
0,595	40,8
0,595	40,9
0,595	41,1
0,595	41,0
0,595	41,2
0,595	41,3
0,597	41,4
0,597	41,3
0,597	41,5
0,597	41,7
0,597	41,7
0,597	41,8
0,597	42,0
0,598	42,2
0,598	42,3
0,598	42,4
0,598	42,7
0,600	42,8
0,600	43,0
0,600	43,2
0,602	43,4
0,602	43,6
0,602	43,6
0,603	43,7
0,603	44,0
0,603	44,0
0,603	44,0
0,603	44,1
0,603	44,3
0,605	44,5
0,605	44,6
0,605	44,5
0,605	44,7
0,605	44,7
0,606	44,7
0,606	44,9
0,606	44,9
0,606	44,9
0,606	44,8
0,606	45,0
0,606	45,2
0,608	45,2
0,608	45,1
0,608	45,3
0,608	45,6
0,608	45,6
0,609	45,5
0,609	45,7
0,609	45,8
0,609	45,8
0,609	45,8
0,609	46,0
0,609	45,9
0,611	46,0
0,611	46,1
0,611	46,3
0,611	46,4
0,613	46,4
0,613	46,5
0,613	46,7
0,613	46,7
0,614	46,7
0,614	46,8
0,614	47,0
0,616	47,2
0,616	47,3
0,616	47,4
0,616	47,4
0,617	47,4
0,617	47,4
0,619	47,7
0,619	47,8
0,619	47,8
0,620	47,8
0,620	47,9
0,620	47,9
0,620	47,8
0,620	47,8
0,620	48,1
0,622	48,1
0,622	48,0
0,622	48,1
0,622	48,0
0,624	48,1
0,624	48,0
0,624	48,2
0,624	48,2
0,624	48,1
0,624	48,0
0,624	48,3
0,625	48,1
0,625	48,1
0,625	48,0
0,625	48,2
0,625	48,2
0,625	48,2
0,627	48,0
0,627	48,2
0,627	48,1
0,627	48,0
0,627	48,2
0,628	48,3
0,628	48,2
0,628	48,1
0,628	48,3
0,628	48,3
0,630	48,2
0,630	47,9
0,630	48,1
0,630	48,1
0,631	48,0
0,631	48,0
0,631	48,1
0,633	48,0
0,633	48,0
0,633	48,2
0,633	48,1
0,635	48,0
0,635	47,8
0,635	47,9
0,635	47,9
0,635	47,8
0,636	47,6
0,636	47,9
0,636	47,8
0,636	47,7
0,636	47,5
0,638	47,7
0,638	47,7
0,638	47,5
0,638	47,4
0,638	47,6
0,638	47,5
0,638	47,5
0,639	47,5
0,639	47,5
0,639	47,4
0,639	47,2
0,639	47,0
0,639	47,4
0,641	47,2
0,641	47,0
0,641	47,3
0,641	47,2
0,641	47,1
0,641	46,9
0,642	47,1
0,642	47,0
0,642	46,8
0,642	46,6
0,642	46,9
0,644	46,7
0,644	46,5
0,644	46,2
0,644	46,5
0,646	46,4
0,646	46,1
0,646	45,9
0,646	46,2
0,646	46,0
0,647	45,7
0,647	45,6
0,647	45,9
0,647	45,7
0,649	45,5
0,649	45,6
0,649	45,6
0,649	45,2
0,649	45,0
0,650	45,0
0,650	44,9
0,650	44,8
0,650	44,7
0,650	44,8
0,652	44,6
0,652	44,5
0,652	44,4
0,652	44,5
0,652	44,4
0,652	44,2
0,652	44,2
0,653	44,2
0,653	44,2
0,653	43,9
0,653	43,8
0,653	44,1
0,653	43,9
0,655	43,6
0,655	43,6
0,655	43,7
0,655	43,5
0,655	43,3
0,655	43,5
0,655	43,3
0,655	43,1
0,657	43,0
0,657	43,3
0,657	43,1
0,657	42,9
0,657	42,7
0,657	42,9
0,657	42,8
0,657	42,6
0,657	42,4
0,658	42,6
0,658	42,3
0,658	42,0
0,660	41,6
0,660	41,7
0,661	41,2
0,661	40,8
0,663	40,4
0,663	40,6
0,664	40,2
0,664	39,7
0,666	39,3
0,666	39,5
0,666	39,2
0,668	38,8
0,668	38,3
0,669	38,5
0,669	38,1
0,671	37,7
0,671	37,5
0,671	37,5
0,672	37,3
0,672	36,8
0,672	36,6
0,674	36,6
0,674	36,4
0,674	36,3
0,674	36,0
0,674	36,2
0,674	36,0
0,675	35,9
0,675	35,7
0,675	36,0
0,675	35,8
0,675	35,7
0,675	35,4
0,675	35,8
0,675	35,5
0,675	35,2
0,675	35,1
0,675	35,3
0,675	35,1
0,675	34,8
0,677	34,4
0,677	34,6
0,677	34,4
0,677	34,0
0,677	33,7
0,679	33,8
0,679	33,5
0,679	33,3
0,680	33,1
0,680	33,1
0,680	32,8
0,680	32,7
0,680	32,4
0,682	32,5
0,682	32,4
0,682	32,1
0,682	31,9
0,682	31,7
0,682	32,0
0,682	31,7
0,683	31,4
0,683	31,3
0,683	31,5
0,683	31,3
0,683	31,2
0,683	30,9
0,683	31,0
0,685	30,8
0,685	30,5
0,685	30,3
0,685	30,4
0,686	30,1
0,686	29,8
0,686	29,5
0,686	29,6
0,688	29,3
0,688	29,1
0,688	28,9
0,688	28,8
0,688	29,1
0,688	28,9
0,688	28,7
0,688	28,6
0,688	28,8
0,690	28,6
0,690	28,5
0,690	28,3
0,690	28,5
0,690	28,4
0,690	28,2
0,690	28,0
0,690	27,8
0,690	27,9
0,690	27,8
0,691	27,5
0,691	27,2
0,691	27,4
0,691	27,2
0,691	26,9
0,693	26,7
0,693	26,8
0,693	26,5
0,693	26,3
0,694	26,2
0,694	26,0
0,694	26,1
0,694	26,0
0,694	25,7
0,694	25,6
0,696	25,8
0,696	25,6
0,696	25,4
0,696	25,2
0,696	25,4
0,696	25,3
0,696	25,1
0,696	25,0
0,696	24,8
0,697	25,0
0,697	24,8
0,697	24,6
0,697	24,8
0,697	24,7
0,697	24,5
0,697	24,3
0,697	24,5
0,699	24,2
0,699	24,0
0,699	24,2
0,699	24,1
0,699	23,9
0,699	23,8
0,699	23,9
0,699	23,7
0,699	23,6
0,699	23,8
0,701	23,6
0,701	23,5
0,701	23,6
0,701	23,4
0,701	23,2
0,701	23,0
0,701	23,2
0,701	23,0
0,701	23,0
0,701	23,1
0,702	23,0
0,702	22,7
0,702	22,5
0,702	22,8
0,702	22,7
0,702	22,5
0,702	22,6
0,704	22,3
0,704	22,0
0,704	21,9
0,704	22,0
0,705	21,7
0,705	21,6
0,705	21,7
0,705	21,5
0,705	21,4
0,705	21,3
0,705	21,4
0,705	21,4
0,707	21,3
0,707	21,1
0,707	21,3
0,707	21,1
0,707	20,9
0,707	21,1
0,707	20,9
0,707	20,7
0,707	20,6
0,708	20,7
0,708	20,5
0,708	20,3
0,708	20,6
0,708	20,4
0,710	20,2
0,710	19,9
0,710	20,0
0,710	19,8
0,710	19,6
0,712	19,7
0,712	19,5
0,712	19,1
0,713	18,9
0,713	19,1
0,713	18,8
0,715	18,6
0,715	18,7
0,715	18,6
0,715	18,4
0,715	18,3
0,716	18,5
0,716	18,2
0,716	18,0
0,716	18,0
0,718	18,2
0,718	18,1
0,718	17,8
0,718	18,0
0,718	17,9
0,718	17,8
0,718	17,7
0,718	17,9
0,718	17,7
0,718	17,6
0,719	17,8
0,719	17,7
0,719	17,5
0,719	17,3
0,719	17,6
0,719	17,4
0,721	17,2
0,721	17,1
0,721	17,3
0,721	17,2
0,721	17,0
0,721	17,2
0,723	17,0
0,723	16,8
0,723	16,7
0,723	16,9
0,723	16,7
0,724	16,6
0,724	16,5
0,724	16,6
0,724	16,5
0,724	16,4
0,726	16,6
0,726	16,5
0,726	16,4
0,726	16,3
0,726	16,6
0,726	16,5
0,726	16,3
0,726	16,1
0,726	16,3
0,727	16,1
0,727	15,9
0,727	16,1
0,729	15,9
0,729	15,8
0,729	15,7
0,729	15,9
0,729	15,8
0,730	15,6
0,730	15,5
0,730	15,7
0,730	15,6
0,730	15,4
0,730	15,3
0,732	15,5
0,732	15,3
0,732	15,2
0,734	15,4
0,734	15,2
0,734	15,0
0,734	14,9
0,735	15,1
0,735	15,0
0,735	14,8
0,737	14,7
0,737	14,9
0,737	14,7
0,738	14,6
0,738	14,5
0,738	14,7
0,738	14,5
0,740	14,4
0,740	14,6
0,740	14,5
0,740	14,3
0,741	14,2
0,741	14,5
0,741	14,4
0,741	14,2
0,741	14,1
0,741	14,3
0,743	14,2
0,743	14,1
0,743	14,0
0,743	14,3
0,743	14,2
0,743	14,0
0,743	13,9
0,745	14,1
0,745	13,9
0,746	13,8
0,746	13,7
0,746	13,9
0,748	13,8
0,748	13,6
0,748	13,6
0,749	13,8
0,749	13,7
0,749	13,6
0,749	13,8
0,749	13,7
0,749	13,6
0,749	13,5
0,751	13,7
0,751	13,6
0,751	13,5
0,751	13,4
0,751	13,6
0,751	13,5
0,751	13,4
0,751	13,4
0,751	13,6
0,752	13,5
0,752	13,3
0,752	13,3
0,752	13,5
0,752	13,4
0,754	13,2
0,754	13,2
0,754	13,4
0,754	13,3
0,754	13,2
0,756	13,1
0,756	13,3
0,756	13,2
0,756	13,1
0,757	13,0
0,757	13,2
0,757	13,1
0,757	13,0
0,757	12,9
0,759	13,1
0,759	13,0
0,759	12,9
0,759	12,9
0,759	13,0
0,759	12,9
0,759	12,8
0,760	12,8
0,760	13,0
0,760	12,9
0,760	12,7
0,762	13,0
0,762	12,9
0,762	12,7
0,763	12,6
0,763	12,9
0,763	12,8
0,763	12,7
0,763	12,6
0,765	12,8
0,765	12,7
0,765	12,5
0,765	12,5
0,767	12,7
0,767	12,5
0,767	12,4
0,767	12,4
0,768	12,5
0,768	12,4
0,768	12,3
0,770	12,5
0,770	12,4
0,770	12,2
0,771	12,4
0,771	12,3
0,771	12,1
0,773	12,1
0,773	12,2
0,774	12,1
0,774	12,0
0,774	12,1
0,776	12,0
0,776	11,9
0,776	12,0
0,776	11,9
0,778	11,8
0,778	12,0
0,778	11,8
0,779	11,7
0,779	11,9
0,779	11,8
0,781	11,7
0,781	11,9
0,781	11,8
0,781	11,6
0,781	11,6
0,782	11,7
0,782	11,6
0,782	11,5
0,782	11,7
0,782	11,5
0,782	11,4
0,784	11,6
0,784	11,5
0,784	11,4
0,784	11,6
0,785	11,4
0,785	11,3
0,785	11,5
0,785	11,4
0,787	11,3
0,787	11,4
0,787	11,3
0,787	11,2
0,789	11,2
0,789	11,3
0,789	11,1
0,789	11,1
0,790	11,2
0,790	11,1
0,792	11,0
0,792	11,2
0,792	11,0
0,792	11,0
0,793	11,2
0,793	11,0
0,793	10,9
0,793	10,9
0,793	11,0
0,793	10,8
0,795	10,7
0,795	10,9
0,795	10,7
0,796	10,7
0,796	10,8
0,796	10,7
0,796	10,5
0,798	10,7
0,798	10,6
0,800	10,4
0,800	10,6
0,800	10,5
0,800	10,3
0,800	10,4
0,801	10,5
0,801	10,3
0,801	10,3
0,801	10,5
0,801	10,3
0,801	10,2
0,803	10,4
0,803	10,3
0,803	10,2
0,803	10,4
0,803	10,3
0,803	10,1
0,803	10,1
0,804	10,3
0,804	10,1
0,804	10,1
0,804	10,2
0,804	10,0
0,806	9,9
0,806	10,1
0,806	10,0
0,807	9,9
0,807	10,0
0,807	9,9
0,809	9,8
0,809	9,8
0,809	9,9
0,809	9,7
0,811	9,6
0,811	9,8
0,811	9,7
0,811	9,6
0,812	9,8
0,812	9,7
0,812	9,5
0,812	9,5
0,812	9,7
0,812	9,5
0,814	9,5
0,814	9,6
0,814	9,5
0,814	9,4
0,814	9,6
0,814	9,5
0,815	9,4
0,815	9,6
0,815	9,5
0,815	9,4
0,815	9,3
0,817	9,4
0,817	9,3
0,817	9,3
0,817	9,5
0,817	9,3
0,817	9,2
0,818	9,4
0,818	9,3
0,818	9,1
0,818	9,2
0,820	9,3
0,820	9,1
0,820	9,1
0,820	9,2
0,822	9,1
0,822	9,0
0,822	9,2
0,822	9,1
0,823	9,0
0,823	9,2
0,823	9,1
0,823	8,9
0,823	8,9
0,825	9,1
0,825	8,9
0,825	8,9
0,825	9,1
0,826	8,9
0,826	8,9
0,826	9,1
0,826	8,9
0,826	8,8
0,828	9,0
0,828	8,9
0,828	8,8
0,828	8,8
0,828	8,9
0,829	8,8
0,829	8,8
0,829	8,9
0,829	8,8
0,831	8,8
0,831	8,9
0,831	8,8
0,831	8,7
0,833	8,7
0,833	8,9
0,833	8,7
0,833	8,7
0,833	8,9
0,833	8,8
0,834	8,6
0,834	8,9
0,834	8,8
0,834	8,7
0,834	8,7
0,834	8,8
0,836	8,6
0,836	8,6
0,836	8,8
0,837	8,7
0,837	8,6
0,837	8,8
0,837	8,7
0,837	8,6
0,839	8,6
0,839	8,8
0,839	8,6
0,839	8,6
0,839	8,8
0,840	8,7
0,840	8,6
0,840	8,8
0,840	8,7
0,842	8,6
0,842	8,6
0,842	8,7
0,842	8,6
0,842	8,6
0,844	8,8
0,844	8,7
0,844	8,6
0,844	8,8
0,844	8,7
0,845	8,6
0,845	8,6
0,845	8,7
0,845	8,6
0,845	8,6
0,845	8,8
0,845	8,6
0,845	8,6
0,847	8,8
0,847	8,7
0,847	8,6
0,847	8,7
0,847	8,8
0,847	8,6
0,847	8,6
0,848	8,8
0,848	8,7
0,848	8,6
0,848	8,8
0,848	8,7
0,848	8,6
0,850	8,6
0,850	8,8
0,851	8,6
0,851	8,7
0,851	8,8
0,851	8,8
0,853	8,7
0,853	8,9
0,853	8,8
0,853	8,7
0,855	8,8
0,855	8,8
0,855	8,8
0,855	8,8
0,856	8,9
0,856	8,8
0,858	8,8
0,858	8,9
0,858	8,8
0,858	8,8
0,859	8,9
0,859	9,0
0,859	8,8
0,861	8,9
0,861	9,0
0,861	8,9
0,862	8,9
0,862	9,1
0,862	9,0
0,864	9,0
0,864	9,2
0,864	9,1
0,864	9,0
0,864	9,1
0,866	9,1
0,866	9,0
0,866	9,0
0,866	9,2
0,866	9,1
0,866	9,1
0,867	9,3
0,867	9,2
0,867	9,1
0,867	9,2
0,867	9,2
0,867	9,2
0,869	9,2
0,869	9,3
0,869	9,2
0,869	9,2
0,869	9,3
0,869	9,3
0,870	9,2
0,870	9,4
0,870	9,3
0,870	9,2
0,870	9,3
0,870	9,4
0,870	9,3
0,872	9,3
0,872	9,5
0,872	9,3
0,872	9,3
0,872	9,5
0,872	9,4
0,872	9,4
0,873	9,4
0,873	9,5
0,873	9,4
0,873	9,5
0,873	9,6
0,873	9,5
0,875	9,5
0,875	9,6
0,875	9,5
0,875	9,5
0,875	9,8
0,875	9,7
0,877	9,6
0,877	9,6
0,877	9,7
0,877	9,7
0,878	9,7
0,878	9,8
0,878	9,7
0,878	9,7
0,878	10,0
0,878	9,8
0,880	9,7
0,880	9,8
0,880	9,9
0,881	9,9
0,881	10,0
0,881	10,0
0,883	9,9
0,883	10,0
0,883	10,2
0,884	10,0
0,884	10,1
0,884	10,2
0,884	10,2
0,886	10,1
0,886	10,2
0,886	10,1
0,886	10,1
0,886	10,2
0,886	10,3
0,886	10,1
0,888	10,2
0,888	10,3
0,888	10,2
0,888	10,2
0,888	10,4
0,888	10,2
0,889	10,2
0,889	10,3
0,889	10,4
0,889	10,3
0,891	10,4
0,891	10,4
0,891	10,3
0,891	10,3
0,891	10,5
0,891	10,3
0,892	10,4
0,892	10,6
0,892	10,5
0,892	10,4
0,892	10,6
0,894	10,6
0,894	10,5
0,894	10,6
0,895	10,6
0,895	10,6
0,895	10,5
0,897	10,7
0,897	10,6
0,897	10,6
0,897	10,8
0,897	10,7
0,898	10,6
0,898	10,8
0,898	10,8
0,900	10,7
0,900	10,8
0,900	10,8
0,902	10,8
0,902	10,8
0,902	10,9
0,902	10,8
0,903	10,8
0,903	11,0
0,903	10,9
0,905	10,8
0,905	11,0
0,905	11,0
0,906	11,0
0,906	11,1
0,906	11,1
0,908	11,1
0,908	11,1
0,908	11,1
0,909	11,0
0,909	11,1
0,909	11,2
0,909	11,1
0,911	11,1
0,911	11,3
0,911	11,2
0,913	11,3
0,913	11,4
0,913	11,3
0,913	11,2
0,914	11,4
0,914	11,4
0,914	11,4
0,914	11,4
0,916	11,4
0,916	11,4
0,916	11,4
0,916	11,5
0,917	11,4
0,917	11,5
0,917	11,6
0,919	11,6
0,919	11,6
0,919	11,7
0,920	11,6
0,920	11,7
0,920	11,8
0,920	11,8
0,922	11,7
0,922	11,8
0,922	11,8
0,922	11,8
0,924	11,9
0,924	12,0
0,925	12,0
0,925	12,0
0,925	12,1
0,927	12,1
0,927	12,2
0,928	12,3
0,928	12,3
0,928	12,3
0,930	12,5
0,930	12,4
0,931	12,4
0,931	12,5
0,931	12,6
0,931	12,5
0,933	12,5
0,933	12,7
0,933	12,7
0,933	12,7
0,935	12,8
0,935	12,9
0,936	13,0
0,936	13,0
0,938	13,1
0,938	13,2
0,938	13,3
0,939	13,3
0,941	13,4
0,941	13,6
0,941	13,6
0,942	13,6
0,942	13,7
0,942	13,8
0,942	13,8
0,942	13,8
0,944	14,0
0,944	14,1
0,944	14,1
0,946	14,1
0,946	14,3
0,946	14,4
0,947	14,4
0,947	14,4
0,947	14,5
0,947	14,6
0,947	14,6
0,949	14,6
0,949	14,8
0,949	14,8
0,949	14,8
0,949	14,9
0,950	15,1
0,950	15,1
0,950	15,1
0,950	15,3
0,952	15,4
0,952	15,5
0,952	15,6
0,953	15,8
0,953	15,9
0,955	15,9
0,955	16,0
0,955	16,2
0,955	16,3
0,957	16,3
0,957	16,5
0,957	16,7
0,958	16,8
0,958	16,9
0,958	17,1
0,960	17,3
0,960	17,3
0,961	17,5
0,961	17,9
0,961	17,9
0,963	18,1
0,964	18,3
0,964	18,6
0,964	18,7
0,966	18,8
0,966	19,0
0,966	19,1
0,966	19,2
0,968	19,3
0,968	19,5
0,968	19,5
0,968	19,5
0,968	19,7
0,969	19,9
0,969	20,0
0,969	20,2
0,971	20,4
0,971	20,5
0,971	20,6
0,972	20,8
0,972	21,0
0,972	21,0
0,974	21,2
0,974	21,3
0,974	21,4
0,974	21,5
0,974	21,7
0,975	21,9
0,975	22,0
0,977	22,1
0,977	22,4
0,977	22,5
0,979	22,6
0,979	22,9
0,979	23,2
0,979	23,3
0,980	23,5
0,980	23,8
0,980	23,9
0,982	24,1
0,982	24,4
0,983	24,7
0,983	24,7
0,983	25,0
0,985	25,3
0,985	25,5
0,985	25,7
0,986	25,9
0,986	26,1
0,986	26,3
0,986	26,4
0,988	26,6
0,988	26,8
0,988	27,0
0,988	27,2
0,990	27,3
0,990	27,5
0,990	27,8
0,991	28,1
0,991	28,1
0,991	28,2
0,991	28,3
0,991	28,7
0,993	28,7
0,993	28,9
0,993	29,2
0,994	29,5
0,994	29,8
0,996	29,9
0,996	30,1
0,996	30,4
0,997	30,7
0,997	30,9
0,997	31,2
0,999	31,4
0,999	31,8
1,001	31,9
1,001	32,2
1,001	32,6
1,002	32,9
1,002	33,1
1,004	33,3
1,004	33,7
1,005	34,1
1,007	34,3
1,007	34,4
1,007	34,7
1,008	35,1
1,008	35,0
1,008	35,2
1,010	35,3
1,010	35,8
1,010	35,9
1,012	35,9
1,012	36,2
1,012	36,4
1,013	36,7
1,013	36,7
1,015	36,9
1,015	37,1
1,015	37,2
1,015	37,3
1,016	37,6
1,016	37,9
1,018	37,8
1,018	38,0
1,018	38,0
1,019	38,6
1,019	38,6
1,019	38,7
1,021	39,0
1,021	39,0
1,021	39,1
1,023	39,2
1,023	39,4
1,024	39,5
1,024	39,5
1,024	39,6
1,024	39,8
1,026	40,1
1,026	40,0
1,026	40,1
1,027	40,5
1,027	40,5
1,027	40,5
1,029	40,5
1,029	40,6
1,029	40,8
1,030	41,0
1,030	41,2
1,030	41,1
1,030	41,2
1,032	41,3
1,032	41,3
1,032	41,6
1,032	41,4
1,034	41,7
1,034	41,8
1,034	41,9
1,035	42,0
1,035	41,9
1,035	41,9
1,035	42,3
1,037	42,0
1,037	42,0
1,037	42,2
1,037	42,3
1,038	42,1
1,038	42,2
1,038	42,4
1,038	42,6
1,040	42,3
1,040	42,5
1,040	42,7
1,040	42,8
1,041	42,7
1,041	42,9
1,041	42,9
1,041	43,0
1,043	42,6
1,043	42,8
1,043	43,1
1,045	43,2
1,045	43,1
1,045	43,1
1,046	43,2
1,046	43,4
1,046	43,0
1,048	43,0
1,048	43,3
1,048	42,9
1,048	43,0
1,049	43,0
1,049	43,3
1,051	43,0
1,051	43,0
1,051	43,1
1,052	43,3
1,052	42,9
1,052	43,0
1,052	43,1
1,054	43,3
1,054	42,7
1,056	42,7
1,056	43,0
1,056	43,1
1,057	42,6
1,057	42,7
1,057	43,0
1,059	42,9
1,059	42,5
1,059	42,6
1,060	42,7
1,060	42,8
1,060	42,6
1,060	42,6
1,060	42,6
1,062	42,7
1,062	42,3
1,062	42,5
1,062	42,5
1,062	42,1
1,062	42,1
1,062	42,1
1,063	42,4
1,063	42,0
1,063	42,1
1,063	41,8
1,063	42,1
1,065	41,6
1,065	41,7
1,065	41,4
1,067	41,6
1,067	41,2
1,068	41,0
1,068	41,2
1,068	41,0
1,070	40,7
1,070	40,4
1,070	40,5
1,071	40,4
1,071	40,0
1,071	40,0
1,071	40,0
1,073	39,8
1,073	39,7
1,073	39,7
1,073	39,4
1,074	39,7
1,074	39,6
1,074	39,5
1,074	39,7
1,074	39,5
1,074	39,0
1,074	39,2
1,074	39,2
1,076	39,1
1,076	38,7
1,076	38,6
1,078	38,7
1,078	38,3
1,078	38,2
1,078	37,8
1,079	38,0
1,079	37,7
1,079	37,3
1,079	37,6
1,081	37,5
1,081	37,3
1,081	37,2
1,081	36,8
1,081	37,1
1,082	37,1
1,082	36,7
1,082	36,5
1,082	36,2
1,082	36,4
1,084	36,0
1,084	36,0
1,084	36,0
1,084	35,9
1,084	35,5
1,084	35,2
1,085	35,4
1,085	35,3
1,085	34,6
1,085	34,4
1,087	34,6
1,087	34,4
1,087	34,0
1,089	33,8
1,089	33,7
1,089	33,6
1,090	33,1
1,090	32,9
1,092	32,2
1,092	32,5
1,093	32,2
1,093	31,8
1,095	31,2
1,095	30,7
1,096	30,6
1,096	30,5
1,096	30,2
1,098	30,0
1,098	30,1
1,098	29,5
1,098	29,5
1,100	29,3
1,100	29,0
1,100	28,8
1,100	29,0
1,101	29,0
1,101	28,8
1,101	28,6
1,101	28,1
1,103	27,9
1,103	28,1
1,103	27,7
1,103	27,7
1,103	27,5
1,104	27,6
1,104	27,6
1,104	27,3
1,104	27,4
1,104	27,3
1,104	27,1
1,104	26,7
1,104	26,9
1,106	27,0
1,106	26,8
1,106	26,6
1,106	26,3
1,106	26,5
1,106	26,5
1,107	26,6
1,107	26,4
1,107	26,1
1,107	26,1
1,107	26,0
1,107	25,7
1,109	25,5
1,109	25,4
1,109	25,3
1,109	25,0
1,111	24,9
1,111	24,8
1,111	24,5
1,112	24,1
1,112	24,0
1,112	24,2
1,112	24,1
1,114	23,6
1,114	23,6
1,114	23,3
1,114	23,0
1,115	23,1
1,115	23,0
1,115	22,7
1,117	22,4
1,117	22,2
1,117	22,0
1,118	21,6
1,118	21,4
1,120	21,5
1,120	21,1
1,120	21,1
1,122	21,0
1,122	20,9
1,122	20,4
1,122	20,5
1,122	20,5
1,123	20,1
1,123	20,1
1,123	20,1
1,123	20,1
1,123	19,7
1,123	19,8
1,123	19,8
1,125	19,8
1,125	19,4
1,125	19,4
1,125	19,3
1,125	19,1
1,126	19,0
1,126	19,0
1,126	18,9
1,126	18,7
1,128	18,6
1,128	18,8
1,128	18,4
1,128	18,3
1,129	18,2
1,129	18,1
1,129	17,9
1,129	17,9
1,131	17,9
1,131	17,9
1,131	17,6
1,131	17,5
1,131	17,5
1,133	17,1
1,133	17,0
1,133	17,3
1,133	17,3
1,133	17,0
1,133	16,9
1,134	16,9
1,134	17,1
1,134	16,8
1,134	16,7
1,134	16,5
1,136	16,2
1,136	16,2
1,136	16,3
1,137	16,2
1,137	15,9
1,137	15,7
1,139	15,8
1,139	15,7
1,139	15,3
1,140	15,3
1,140	15,3
1,140	15,2
1,140	14,9
1,142	14,8
1,142	14,8
1,142	14,6
1,144	14,5
1,144	14,5
1,144	14,5
1,144	14,2
1,145	14,2
1,145	14,3
1,145	14,3
1,145	14,0
1,145	14,0
1,147	14,0
1,147	14,1
1,147	13,8
1,148	13,7
1,148	13,7
1,148	13,7
1,148	13,4
1,150	13,4
1,150	13,5
1,150	13,5
1,150	13,2
1,151	13,2
1,151	13,2
1,151	13,1
1,153	12,8
1,153	12,9
1,153	12,9
1,155	12,6
1,155	12,5
1,156	12,5
1,156	12,6
1,156	12,3
1,158	12,3
1,158	12,3
1,158	12,0
1,158	12,1
1,159	12,2
1,159	11,9
1,159	11,9
1,159	12,0
1,159	12,1
1,159	11,7
1,161	11,8
1,161	11,9
1,161	11,6
1,161	11,7
1,161	11,7
1,162	11,4
1,162	11,5
1,162	11,6
1,162	11,4
1,164	11,4
1,164	11,5
1,164	11,2
1,164	11,2
1,166	11,3
1,166	11,4
1,166	11,1
1,166	11,2
1,167	11,2
1,167	10,9
1,167	11,0
1,169	11,1
1,169	10,8
1,169	10,8
1,170	10,8
1,170	10,6
1,170	10,6
1,172	10,7
1,172	10,7
1,172	10,5
1,173	10,6
1,173	10,6
1,175	10,4
1,175	10,4
1,175	10,5
1,177	10,2
1,177	10,3
1,178	10,3
1,178	10,1
1,178	10,1
1,178	10,3
1,178	10,2
1,180	10,0
1,180	10,1
1,180	10,2
1,180	9,9
1,181	10,0
1,181	10,1
1,181	9,8
1,183	9,9
1,183	9,9
1,183	9,7
1,184	9,7
1,184	9,8
1,184	9,8
1,186	9,6
1,186	9,7
1,186	9,7
1,188	9,5
1,188	9,5
1,188	9,6
1,189	9,4
1,189	9,4
1,189	9,5
1,189	9,3
1,189	9,3
1,191	9,4
1,191	9,5
1,191	9,3
1,191	9,4
1,191	9,4
1,191	9,2
1,192	9,3
1,192	9,4
1,192	9,1
1,192	9,2
1,192	9,3
1,192	9,3
1,194	9,1
1,194	9,2
1,194	9,3
1,194	9,0
1,194	9,1
1,195	9,2
1,195	8,9
1,195	9,0
1,195	9,1
1,197	9,1
1,197	8,9
1,197	9,0
1,199	9,0
1,199	8,8
1,200	8,8
1,200	8,9
1,202	8,6
1,203	8,7
1,203	8,7
1,205	8,5
1,205	8,5
1,205	8,6
1,205	8,6
1,206	8,4
1,206	8,5
1,208	8,5
1,208	8,3
1,208	8,4
1,210	8,4
1,210	8,4
1,210	8,2
1,211	8,3
1,211	8,3
1,211	8,1
1,213	8,2
1,213	8,2
1,213	8,0
1,214	8,1
1,214	8,2
1,216	8,1
1,216	7,9
1,217	8,0
1,217	8,1
1,217	7,8
1,217	7,9
1,219	8,0
1,219	8,0
1,219	7,8
1,219	7,9
1,221	8,0
1,221	7,7
1,221	7,8
1,221	7,9
1,222	7,6
1,222	7,7
1,222	7,8
1,222	7,8
1,224	7,6
1,224	7,7
1,224	7,8
1,224	7,6
1,224	7,6
1,224	7,7
1,225	7,8
1,225	7,6
1,225	7,7
1,225	7,7
1,225	7,5
1,225	7,6
1,227	7,7
1,227	7,7
1,227	7,5
1,227	7,6
1,228	7,7
1,228	7,4
1,228	7,5
1,228	7,6
1,228	7,6
1,230	7,4
1,230	7,5
1,230	7,5
1,230	7,3
1,232	7,4
1,232	7,5
1,232	7,4
1,233	7,3
1,233	7,4
1,233	7,4
1,233	7,2
1,233	7,3
1,235	7,4
1,235	7,1
1,235	7,2
1,235	7,3
1,236	7,3
1,236	7,1
1,236	7,2
1,236	7,3
1,238	7,1
1,238	7,1
1,238	7,2
1,239	7,2
1,239	7,1
1,239	7,1
1,241	7,2
1,241	6,9
1,243	7,0
1,243	7,1
1,244	7,1
1,246	6,9
1,246	7,0
1,246	7,1
1,246	6,8
1,247	6,9
1,247	7,0
1,247	7,0
1,249	6,8
1,249	6,9
1,249	7,0
1,250	6,8
1,250	6,8
1,252	6,9
1,252	6,9
1,252	6,8
1,252	6,9
1,252	6,9
1,252	6,9
1,253	6,8
1,253	6,9
1,253	6,9
1,255	6,7
1,255	6,8
1,255	6,9
1,255	6,9
1,255	6,8
1,257	6,9
1,257	6,9
1,257	6,7
1,257	6,8
1,258	6,8
1,258	6,9
1,258	6,8
1,260	6,8
1,260	6,9
1,260	6,7
1,260	6,8
1,261	6,9
1,261	6,8
1,261	6,7
1,263	6,8
1,263	6,8
1,263	6,6
1,264	6,8
1,264	6,9
1,264	6,8
1,266	6,7
1,266	6,8
1,266	6,9
1,266	6,7
1,266	6,8
1,268	6,9
1,268	6,9
1,269	6,8
1,269	6,9
1,271	7,0
1,272	6,7
1,272	6,9
1,272	6,9
1,274	7,0
1,274	6,8
1,274	6,9
1,275	7,0
1,275	6,8
1,275	6,9
1,277	7,0
1,277	7,0
1,279	6,9
1,279	7,0
1,279	7,1
1,280	7,1
1,280	7,0
1,282	7,1
1,282	7,1
1,282	7,0
1,283	7,1
1,283	7,2
1,285	7,2
1,285	7,2
1,286	7,3
1,286	7,3
1,288	7,1
1,288	7,3
1,290	7,4
1,291	7,4
1,291	7,3
1,293	7,4
1,293	7,4
1,294	7,3
1,294	7,5
1,294	7,5
1,296	7,3
1,296	7,5
1,297	7,6
1,297	7,5
1,297	7,4
1,299	7,6
1,299	7,6
1,301	7,4
1,301	7,6
1,302	7,7
1,302	7,6
1,304	7,6
1,304	7,7
1,304	7,7
1,305	7,6
1,307	7,7
1,307	7,8
1,308	7,7
1,308	7,7
1,308	7,8
1,308	7,8
1,310	7,7
1,310	7,8
1,312	7,9
1,312	7,7
1,313	7,8
1,313	7,9
1,315	7,9
1,315	7,8
1,316	7,9
1,316	8,0
1,316	7,8
1,318	7,9
1,318	8,0
1,319	8,0
1,319	7,9
1,321	8,0
1,321	8,0
1,321	7,9
1,323	8,0
1,323	8,1
1,324	8,0
1,326	8,0
1,326	8,1
1,326	8,1
1,327	8,0
1,327	8,1
1,329	8,2
1,329	8,0
1,330	8,1
1,330	8,2
1,330	8,2
1,332	8,2
1,332	8,2
1,334	8,3
1,334	8,1
1,335	8,3
1,335	8,3
1,335	8,2
1,337	8,3
1,337	8,4
1,337	8,3
1,338	8,3
1,338	8,4
1,338	8,4
1,338	8,3
1,338	8,4
1,340	8,4
1,340	8,4
1,340	8,4
1,340	8,5
1,340	8,4
1,340	8,4
1,340	8,5
1,340	8,5
1,341	8,3
1,341	8,5
1,341	8,5
1,341	8,5
1,341	8,5
1,343	8,6
1,343	8,5
1,343	8,5
1,343	8,6
1,343	8,6
1,343	8,4
1,343	8,6
1,345	8,6
1,345	8,6
1,345	8,6
1,346	8,7
1,346	8,7
1,346	8,6
1,346	8,7
1,346	8,7
1,346	8,6
1,348	8,7
1,348	8,8
1,348	8,7
1,348	8,8
1,349	8,9
1,349	8,8
1,351	8,8
1,351	9,0
1,352	9,0
1,352	8,9
1,354	9,0
1,354	9,1
1,354	9,0
1,356	9,1
1,356	9,2
1,357	9,2
1,357	9,2
1,357	9,3
1,359	9,4
1,359	9,3
1,360	9,4
1,360	9,5
1,360	9,4
1,362	9,5
1,362	9,6
1,362	9,6
1,363	9,6
1,363	9,7
1,363	9,8
1,363	9,7
1,365	9,9
1,365	9,9
1,365	9,8
1,365	9,9
1,367	9,9
1,367	9,9
1,367	10,0
1,367	10,1
1,367	10,1
1,368	10,1
1,368	10,2
1,368	10,2
1,370	10,2
1,370	10,3
1,370	10,4
1,370	10,3
1,371	10,5
1,371	10,6
1,371	10,5
1,373	10,6
1,373	10,8
1,373	10,7
1,374	10,8
1,374	10,9
1,374	10,8
1,374	10,8
1,374	11,0
1,374	11,0
1,374	11,0
1,376	11,1
1,376	11,2
1,376	11,2
1,376	11,3
1,378	11,4
1,378	11,4
1,378	11,5
1,379	11,6
1,379	11,7
1,379	11,8
1,381	11,9
1,381	12,0
1,382	12,0
1,382	12,2
1,382	12,2
1,384	12,2
1,384	12,4
1,384	12,5
1,385	12,5
1,385	12,7
1,387	12,9
1,387	13,0
1,389	13,1
1,389	13,3
1,390	13,4
1,390	13,5
1,390	13,5
1,392	13,8
1,392	14,0
1,393	14,1
1,393	14,2
1,395	14,4
1,395	14,6
1,396	14,6
1,396	14,7
1,396	15,0
1,398	15,1
1,398	15,2
1,400	15,3
1,400	15,5
1,401	15,8
1,401	15,9
1,403	16,2
1,404	16,4
1,404	16,6
1,406	16,7
1,406	17,0
1,407	17,2
1,407	17,3
1,407	17,4
1,409	17,6
1,409	17,8
1,409	17,8
1,411	17,9
1,411	18,0
1,411	18,2
1,412	18,3
1,412	18,6
1,414	18,7
1,414	18,8
1,415	18,9
1,415	19,3
1,417	19,4
1,417	19,7
1,418	19,9
1,420	20,3
1,420	20,5
1,422	20,7
1,423	20,9
1,423	21,3
1,425	21,5
1,426	21,8
1,426	22,2
1,428	22,4
1,429	22,8
1,431	23,1
1,431	23,5
1,433	23,6
1,434	24,1
1,436	24,3
1,436	24,4
1,436	24,7
1,437	24,9
1,437	24,9
1,437	25,0
1,439	25,2
1,439	25,3
1,439	25,3
1,439	25,4
1,440	25,5
1,440	25,7
1,440	25,7
1,440	25,6
1,440	25,6
1,440	25,8
1,440	25,7
1,440	25,8
1,440	25,8
1,440	26,0
1,442	26,1
1,442	26,0
1,442	26,0
1,442	26,1
1,442	26,3
1,442	26,3
1,444	26,2
1,444	26,4
1,444	26,6
1,445	26,8
1,447	27,0
1,448	27,2
1,450	27,6
1,451	27,9
1,453	28,1
1,453	28,2
1,455	28,4
1,455	28,5
1,456	28,6
1,458	28,6
1,458	28,7
1,458	28,9
1,458	28,9
1,459	28,9
1,459	28,9
1,459	29,0
1,459	29,0
1,459	28,9
1,459	28,8
1,459	28,9
1,459	29,0
1,459	28,9
1,459	28,8
1,459	28,9
1,459	28,8
1,459	28,8
1,459	28,7
1,459	28,8
1,459	28,9
1,459	28,9
1,459	28,8
1,459	28,8
1,459	28,8
1,459	28,9
1,459	28,9
1,459	28,9
1,461	29,1
1,461	29,2
1,461	29,3
1,462	29,2
1,464	29,4
1,464	29,5
1,466	29,5
1,466	29,6
1,467	29,7
1,469	29,8
1,469	29,8
1,470	29,7
1,470	29,8
1,470	29,8
1,470	29,9
1,472	29,8
1,472	29,7
1,472	29,9
1,472	29,9
1,472	29,9
1,472	29,8
1,473	29,9
1,473	29,9
1,473	29,9
1,473	29,8
1,475	29,9
1,475	29,9
1,475	29,9
1,477	29,8
1,477	29,9
1,477	29,8
1,478	29,9
1,478	29,7
1,478	29,6
1,480	29,9
1,480	29,9
1,480	29,7
1,480	29,6
1,480	29,8
1,480	29,8
1,481	29,7
1,481	29,6
1,481	29,7
1,481	29,7
1,481	29,7
1,481	29,5
1,483	29,6
1,483	29,6
1,483	29,6
1,483	29,5
1,484	29,3
1,484	29,5
1,484	29,5
1,484	29,3
1,484	29,1
1,486	29,4
1,486	29,3
1,486	29,2
1,486	29,0
1,488	29,2
1,488	29,1
1,488	29,0
1,488	28,8
1,489	28,9
1,489	28,9
1,489	28,8
1,491	28,7
1,491	28,5
1,491	28,7
1,492	28,5
1,492	28,4
1,494	28,3
1,494	28,3
1,495	28,2
1,495	27,9
1,495	27,8
1,497	27,9
1,497	27,8
1,497	27,6
1,497	27,5
1,499	27,4
1,499	27,6
1,499	27,5
1,499	27,3
1,499	27,2
1,499	27,3
1,499	27,3
1,499	27,2
1,500	27,1
1,500	27,1
1,500	27,0
1,500	26,8
1,502	26,5
1,502	26,3
1,503	26,5
1,503	26,4
1,503	26,2
1,505	26,0
1,505	26,1
1,505	26,0
1,505	25,8
1,506	25,6
1,506	25,4
1,506	25,6
1,506	25,5
1,508	25,3
1,508	25,2
1,508	25,3
1,508	25,3
1,508	25,1
1,510	24,8
1,510	24,9
1,510	24,7
1,511	24,5
1,511	24,3
1,511	24,5
1,511	24,2
1,511	24,1
1,513	24,2
1,513	24,1
1,513	23,8
1,514	23,9
1,514	23,7
1,514	23,5
1,514	23,3
1,516	23,5
1,516	23,3
1,516	23,1
1,516	22,9
1,517	23,0
1,517	22,8
1,517	22,7
1,517	22,8
1,519	22,6
1,519	22,3
1,519	22,0
1,521	22,2
1,521	22,0
1,521	21,7
1,522	21,8
1,522	21,7
1,522	21,5
1,522	21,2
1,524	21,3
1,524	20,9
1,525	20,7
1,525	20,8
1,527	20,6
1,527	20,3
1,527	20,0
1,528	20,1
1,528	20,0
1,528	19,7
1,530	19,8
1,530	19,6
1,530	19,3
1,532	19,1
1,532	19,2
1,532	19,0
1,533	18,8
1,533	18,9
1,533	18,8
1,533	18,6
1,533	18,4
1,535	18,5
1,535	18,5
1,535	18,3
1,535	18,1
1,535	18,3
1,535	18,2
1,536	17,9
1,536	18,0
1,536	17,9
1,536	17,7
1,538	17,5
1,538	17,7
1,538	17,5
1,538	17,3
1,538	17,1
1,539	17,3
1,539	17,1
1,539	16,8
1,539	17,0
1,541	16,9
1,541	16,6
1,541	16,5
1,541	16,6
1,541	16,5
1,543	16,2
1,543	16,1
1,543	16,3
1,543	16,1
1,544	15,8
1,544	16,0
1,544	15,8
1,544	15,6
1,546	15,4
1,546	15,5
1,546	15,4
1,547	15,2
1,547	14,8
1,549	15,0
1,549	14,8
1,549	14,7
1,550	14,6
1,550	14,8
1,550	14,5
1,550	14,3
1,552	14,5
1,552	14,3
1,552	14,1
1,554	13,9
1,554	14,1
1,554	13,9
1,554	13,7
1,555	13,6
1,555	13,8
1,555	13,6
1,557	13,4
1,557	13,2
1,557	13,4
1,558	13,2
1,558	13,0
1,560	12,8
1,560	13,0
1,560	12,8
1,561	12,6
1,561	12,4
1,563	12,6
1,563	12,4
1,563	12,2
1,565	12,4
1,565	12,3
1,565	12,0
1,565	12,2
1,566	12,1
1,566	11,9
1,566	11,9
1,566	12,0
1,566	11,8
1,568	11,7
1,568	11,9
1,568	11,7
1,568	11,6
1,569	11,8
1,569	11,6
1,569	11,4
1,569	11,6
1,571	11,4
1,571	11,3
1,571	11,5
1,571	11,4
1,571	11,2
1,572	11,3
1,572	11,2
1,572	11,0
1,572	10,9
1,574	11,1
1,574	10,9
1,574	10,8
1,574	11,0
1,576	10,9
1,576	10,7
1,576	10,9
1,576	10,8
1,576	10,6
1,577	10,8
1,577	10,7
1,577	10,5
1,579	10,7
1,579	10,6
1,579	10,4
1,579	10,3
1,580	10,5
1,580	10,3
1,582	10,2
1,582	10,3
1,582	10,2
1,583	10,1
1,583	10,2
1,583	10,1
1,585	10,0
1,585	10,2
1,585	10,1
1,587	9,8
1,587	9,8
1,588	9,9
1,588	9,9
1,588	9,8
1,590	9,9
1,590	9,8
1,591	9,7
1,591	9,9
1,591	9,7
1,593	9,6
1,593	9,5
1,594	9,6
1,594	9,5
1,596	9,3
1,596	9,6
1,596	9,4
1,598	9,4
1,598	9,5
1,598	9,4
1,599	9,2
1,599	9,4
1,601	9,3
1,602	9,1
1,604	9,1
1,604	9,2
1,605	9,1
1,607	9,0
1,607	9,1
1,608	8,9
1,608	8,8
1,610	9,1
1,612	9,0
1,613	8,8
1,613	8,8
1,615	8,9
1,615	8,8
1,616	8,6
1,616	8,9
1,618	8,7
1,618	8,6
1,618	8,8
1,619	8,7
1,621	8,5
1,623	8,5
1,624	8,6
1,624	8,4
1,624	8,4
1,626	8,6
1,626	8,5
1,626	8,3
1,627	8,6
1,627	8,4
1,629	8,3
1,629	8,2
1,629	8,4
1,630	8,2
1,630	8,1
1,630	8,3
1,632	8,2
1,632	8,1
1,632	8,3
1,634	8,2
1,634	8,1
1,634	8,1
1,634	8,2
1,635	8,1
1,635	8,0
1,637	8,2
1,637	8,0
1,638	7,9
1,638	8,1
1,638	8,0
1,638	7,9
1,640	7,9
1,640	8,0
1,640	7,9
1,640	7,8
1,640	8,0
1,641	7,9
1,641	7,8
1,641	7,8
1,643	7,9
1,643	7,8
1,643	7,7
1,643	7,9
1,643	7,8
1,645	7,7
1,645	7,7
1,645	7,8
1,645	7,7
1,645	7,6
1,645	7,8
1,645	7,7
1,646	7,6
1,646	7,8
1,646	7,7
1,646	7,6
1,648	7,5
1,648	7,7
1,648	7,5
1,649	7,5
1,649	7,6
1,651	7,5
1,651	7,4
1,652	7,4
1,652	7,5
1,652	7,4
1,654	7,3
1,654	7,5
1,656	7,3
1,656	7,2
1,656	7,2
1,657	7,3
1,657	7,1
1,657	7,1
1,659	7,3
1,659	7,1
1,659	7,0
1,660	7,3
1,660	7,2
1,660	7,0
1,660	7,0
1,660	7,2
1,662	7,0
1,662	6,9
1,662	7,1
1,663	7,0
1,663	6,9
1,663	6,9
1,665	7,0
1,665	6,9
1,667	6,8
1,667	7,0
1,668	6,9
1,668	6,8
1,668	6,7
1,670	6,9
1,670	6,8
1,670	6,7
1,670	6,9
1,671	6,8
1,671	6,7
1,671	6,7
1,671	6,8
1,673	6,7
1,673	6,6
1,673	6,8
1,673	6,7
1,674	6,6
1,674	6,6
1,674	6,7
1,674	6,6
1,676	6,5
1,676	6,8
1,676	6,6
1,678	6,5
1,678	6,5
1,679	6,7
1,679	6,6
1,681	6,5
1,681	6,5
1,682	6,6
1,682	6,5
1,682	6,5
1,682	6,6
1,684	6,5
1,684	6,4
1,684	6,5
1,685	6,6
1,685	6,5
1,685	6,4
1,685	6,6
1,687	6,5
1,687	6,4
1,687	6,5
1,687	6,6
1,689	6,4
1,689	6,4
1,689	6,6
1,690	6,5
1,690	6,4
1,690	6,4
1,690	6,5
1,692	6,4
1,692	6,4
1,692	6,6
1,693	6,5
1,693	6,4
1,693	6,4
1,693	6,6
1,695	6,4
1,695	6,4
1,695	6,6
1,695	6,5
1,696	6,4
1,696	6,4
1,696	6,6
1,696	6,5
1,696	6,4
1,698	6,5
1,698	6,5
1,698	6,5
1,698	6,4
1,698	6,6
1,700	6,5
1,700	6,5
1,700	6,5
1,701	6,6
1,701	6,5
1,701	6,5
1,701	6,7
1,701	6,5
1,703	6,5
1,703	6,5
1,703	6,6
1,703	6,5
1,704	6,5
1,704	6,7
1,704	6,6
1,706	6,5
1,706	6,5
1,707	6,7
1,707	6,6
1,707	6,6
1,709	6,8
1,709	6,7
1,711	6,6
1,711	6,6
1,711	6,7
1,712	6,6
1,712	6,6
1,712	6,7
1,712	6,7
1,714	6,6
1,714	6,7
1,714	6,8
1,715	6,7
1,715	6,7
1,715	6,8
1,717	6,8
1,717	6,7
1,717	6,7
1,718	6,9
1,718	6,8
1,720	6,7
1,722	6,8
1,722	6,9
1,722	6,8
1,723	6,8
1,723	6,9
1,723	6,8
1,725	6,8
1,725	6,9
1,725	6,9
1,726	6,8
1,726	6,9
1,726	7,0
1,726	6,9
1,728	6,8
1,728	6,9
1,728	7,0
1,729	6,9
1,729	6,9
1,729	7,1
1,731	6,9
1,731	6,9
1,731	7,0
1,733	7,0
1,733	6,9
1,734	7,0
1,734	7,1
1,736	7,0
1,736	7,0
1,737	7,0
1,737	7,0
1,737	7,0
1,739	7,0
1,739	7,1
1,740	7,1
1,740	7,0
1,740	7,1
1,742	7,1
1,742	7,0
1,742	7,1
1,744	7,2
1,744	7,1
1,744	7,0
1,745	7,1
1,745	7,1
1,747	7,0
1,747	7,1
1,748	7,2
1,748	7,1
1,750	7,1
1,750	7,2
1,751	7,1
1,751	7,1
1,753	7,1
1,755	7,2
1,755	7,1
1,755	7,1
1,755	7,2
1,756	7,1
1,756	7,1
1,756	7,1
1,758	7,2
1,758	7,1
1,758	7,1
1,758	7,3
1,758	7,1
1,759	7,1
1,759	7,1
1,759	7,2
1,759	7,1
1,759	7,1
1,759	7,3
1,761	7,2
1,761	7,1
1,761	7,1
1,761	7,2
1,761	7,1
1,762	7,1
1,762	7,3
1,762	7,2
1,762	7,1
1,762	7,2
1,764	7,2
1,764	7,1
1,764	7,1
1,766	7,3
1,766	7,2
1,766	7,1
1,767	7,2
1,767	7,2
1,767	7,1
1,767	7,2
1,767	7,3
1,769	7,2
1,769	7,2
1,769	7,2
1,769	7,3
1,770	7,2
1,770	7,2
1,770	7,3
1,772	7,2
1,772	7,2
1,772	7,3
1,772	7,3
1,773	7,2
1,773	7,3
1,773	7,3
1,773	7,2
1,773	7,2
1,775	7,4
1,775	7,3
1,775	7,2
1,777	7,3
1,777	7,4
1,777	7,3
1,778	7,3
1,778	7,5
1,778	7,4
1,780	7,3
1,780	7,4
1,780	7,4
1,781	7,4
1,781	7,4
1,783	7,5
1,783	7,4
1,783	7,4
1,784	7,5
1,784	7,5
1,786	7,5
1,786	7,6
1,788	7,6
1,788	7,6
1,789	7,6
1,789	7,7
1,789	7,6
1,789	7,6
1,791	7,7
1,791	7,7
1,791	7,6
1,792	7,7
1,792	7,9
1,792	7,7
1,794	7,7
1,794	7,9
1,794	7,9
1,795	7,8
1,795	7,9
1,797	8,0
1,797	7,9
1,799	8,0
1,800	8,2
1,800	8,1
1,802	8,2
1,803	8,3
1,803	8,3
1,805	8,3
1,805	8,4
1,806	8,5
1,808	8,5
1,808	8,5
1,808	8,7
1,810	8,7
1,810	8,6
1,810	8,8
1,811	8,8
1,811	8,8
1,811	8,8
1,811	8,9
1,813	8,9
1,813	9,0
1,814	9,2
1,814	9,1
1,816	9,1
1,816	9,3
1,817	9,3
1,817	9,4
1,819	9,5
1,821	9,6
1,821	9,6
1,821	9,8
1,822	9,9
1,824	9,9
1,825	10,1
1,825	10,2
1,827	10,2
1,827	10,3
1,827	10,4
1,828	10,4
1,828	10,5
1,830	10,6
1,830	10,6
1,830	10,7
1,832	10,8
1,832	10,9
1,832	10,8
1,833	11,0
1,833	11,1
1,833	11,0
1,835	11,0
1,835	11,2
1,835	11,1
1,835	11,1
1,835	11,3
1,835	11,2
1,836	11,2
1,836	11,3
1,836	11,3
1,836	11,2
1,836	11,2
1,836	11,3
1,836	11,2
1,836	11,3
1,836	11,5
1,836	11,3
1,838	11,4
1,838	11,6
1,838	11,5
1,839	11,6
1,839	11,7
1,839	11,7
1,839	11,7
1,839	11,8
1,841	11,8
1,841	11,8
1,841	12,0
1,841	12,0
1,843	11,9
1,843	12,1
1,844	12,2
1,844	12,2
1,846	12,2
1,846	12,4
1,847	12,4
1,847	12,5
1,849	12,7
1,849	12,7
1,850	12,7
1,852	12,8
1,852	13,0
1,854	12,9
1,854	13,0
1,854	13,0
1,855	13,2
1,855	13,2
1,857	13,2
1,857	13,2
1,857	13,4
1,858	13,3
1,858	13,3
1,860	13,4
1,860	13,6
1,861	13,5
1,861	13,6
1,863	13,6
1,865	13,8
1,865	13,8
1,866	13,8
1,868	13,9
1,868	14,1
1,869	14,0
1,871	13,9
1,871	14,0
1,872	14,2
1,874	14,0
1,874	14,0
1,876	14,2
1,877	14,1
1,877	14,0
1,879	14,1
1,879	14,1
1,880	14,1
1,880	14,0
1,882	14,0
1,883	14,1
1,883	14,1
1,885	14,0
1,885	14,0
1,885	14,0
1,885	13,9
1,887	13,8
1,887	13,9
1,887	14,0
1,887	13,9
1,888	13,8
1,888	13,8
1,888	13,9
1,888	13,8
1,890	13,7
1,890	13,8
1,890	13,9
1,890	13,7
1,890	13,7
1,891	13,8
1,891	13,8
1,891	13,7
1,893	13,7
1,893	13,8
1,893	13,7
1,894	13,6
1,894	13,6
1,894	13,7
1,896	13,5
1,896	13,4
1,896	13,4
1,898	13,4
1,898	13,3
1,899	13,2
1,899	13,1
1,899	13,2
1,901	13,1
1,901	13,0
1,902	12,9
1,902	13,0
1,904	12,8
1,904	12,7
1,904	12,7
1,904	12,8
1,905	12,6
1,905	12,6
1,905	12,6
1,907	12,6
1,907	12,4
1,907	12,4
1,909	12,4
1,909	12,3
1,909	12,2
1,910	12,3
1,910	12,2
1,912	12,0
1,912	12,1
1,912	12,0
1,913	11,8
1,913	11,8
1,915	11,9
1,915	11,7
1,915	11,7
1,916	11,7
1,916	11,4
1,918	11,4
1,918	11,4
1,920	11,3
1,920	11,1
1,921	11,0
1,923	11,0
1,923	10,8
1,924	10,7
1,926	10,7
1,926	10,6
1,926	10,5
1,927	10,6
1,927	10,3
1,929	10,3
1,929	10,3
1,931	10,1
1,931	10,0
1,932	10,0
1,932	9,9
1,932	9,7
1,934	9,8
1,934	9,7
1,934	9,6
1,935	9,5
1,935	9,6
1,937	9,4
1,937	9,4
1,937	9,4
1,937	9,3
1,938	9,2
1,938	9,2
1,940	9,1
1,940	9,0
1,940	9,0
1,942	9,1
1,942	8,9
1,942	8,8
1,943	8,9
1,943	8,7
1,945	8,6
1,945	8,6
1,946	8,4
1,946	8,3
1,948	8,4
1,949	8,3
1,949	8,1
1,951	8,1
1,951	8,1
1,953	8,0
1,953	7,9
1,953	7,9
1,954	7,8
1,954	7,7
1,956	7,7
1,956	7,8
1,957	7,6
1,957	7,6
1,957	7,7
1,959	7,5
1,959	7,5
1,959	7,5
1,959	7,6
1,959	7,4
1,960	7,4
1,960	7,5
1,960	7,3
1,960	7,3
1,960	7,4
1,960	7,3
1,962	7,3
1,962	7,4
1,962	7,4
1,962	7,3
1,962	7,3
1,962	7,4
1,963	7,2
1,963	7,2
1,963	7,2
1,963	7,3
1,965	7,1
1,965	7,1
1,965	7,2
1,965	7,1
1,967	7,1
1,967	7,1
1,967	7,2
1,968	7,0
1,968	7,0
1,968	7,1
1,970	7,0
1,970	6,9
1,970	7,0
1,971	7,1
1,971	6,9
1,971	6,9
1,973	7,0
1,973	6,8
1,973	6,8
1,974	6,9
1,974	7,0
1,976	6,7
1,976	6,8
1,978	6,9
1,978	6,7
1,978	6,7
1,979	6,8
1,979	6,9
1,979	6,6
1,979	6,7
1,981	6,8
1,981	6,6
1,982	6,6
1,982	6,7
1,982	6,8
1,982	6,6
1,984	6,6
1,984	6,7
1,984	6,6
1,985	6,5
1,985	6,6
1,987	6,7
1,987	6,5
1,989	6,5
1,989	6,6
1,990	6,5
1,990	6,5
1,992	6,6
1,992	6,7
1,992	6,5
1,993	6,5
1,995	6,6
1,995	6,5
1,996	6,5
1,996	6,5
1,996	6,7
1,998	6,5
1,998	6,5
2,000	6,6
2,000	6,5
2,000	6,4
2,001	6,5
2,001	6,6
2,001	6,5
2,001	6,4
2,003	6,6
2,003	6,7
2,003	6,5
2,004	6,5
2,004	6,6
2,004	6,4
2,004	6,5
2,006	6,6
2,006	6,7
2,006	6,4
2,007	6,5
2,007	6,6
2,009	6,4
2,009	6,5
2,009	6,6
2,009	6,7
2,011	6,4
2,011	6,5
2,012	6,6
2,012	6,4
2,014	6,4
2,014	6,5
2,015	6,7
2,015	6,4
2,017	6,5
2,017	6,6
2,017	6,5
2,018	6,4
2,018	6,5
2,020	6,6
2,020	6,4
2,022	6,5
2,022	6,6
2,022	6,4
2,022	6,4
2,023	6,5
2,023	6,6
2,023	6,4
2,025	6,5
2,025	6,6
2,025	6,4
2,026	6,4
2,026	6,5
2,028	6,6
2,028	6,4
2,028	6,4
2,028	6,5
2,029	6,4
2,029	6,4
2,029	6,5
2,029	6,6
2,029	6,4
2,031	6,4
2,031	6,5
2,031	6,6
2,033	6,4
2,033	6,4
2,033	6,5
2,033	6,3
2,034	6,4
2,034	6,5
2,034	6,5
2,034	6,3
2,036	6,4
2,036	6,5
2,036	6,3
2,037	6,3
2,037	6,4
2,037	6,5
2,039	6,3
2,039	6,4
2,040	6,5
2,040	6,2
2,040	6,3
2,042	6,4
2,042	6,2
2,044	6,2
2,044	6,4
2,045	6,2
2,045	6,2
2,047	6,3
2,047	6,4
2,048	6,2
2,048	6,2
2,048	6,3
2,050	6,1
2,050	6,2
2,051	6,3
2,051	6,1
2,051	6,1
2,053	6,3
2,053	6,0
2,053	6,1
2,055	6,2
2,055	6,0
2,056	6,1
2,056	6,2
2,056	6,0
2,058	6,0
2,058	6,1
2,059	5,9
2,059	6,0
2,061	6,1
2,062	5,9
2,064	5,9
2,064	6,0
2,066	5,8
2,066	5,9
2,067	6,0
2,067	5,8
2,067	5,9
2,069	6,0
2,069	5,8
2,070	5,9
2,070	6,0
2,070	5,7
2,072	5,8
2,072	5,9
2,072	5,7
2,073	5,8
2,073	5,9
2,073	5,7
2,075	5,8
2,075	5,9
2,077	5,7
2,077	5,8
2,078	5,9
2,080	5,7
2,080	5,8
2,081	5,9
2,081	5,7
2,081	5,8
2,083	5,9
2,083	5,6
2,084	5,8
2,084	5,9
2,084	5,6
2,086	5,8
2,086	5,9
2,086	5,6
2,088	5,8
2,088	5,9
2,089	5,6
2,089	5,8
2,089	5,9
2,089	5,7
2,091	5,8
2,091	5,9
2,091	5,7
2,092	5,8
2,092	5,6
2,092	5,7
2,092	5,8
2,094	5,6
2,094	5,7
2,094	5,8
2,094	5,7
2,095	5,7
2,095	5,9
2,095	5,7
2,095	5,7
2,097	5,9
2,097	5,7
2,097	5,7
2,099	5,9
2,099	5,7
2,099	5,8
2,099	5,9
2,100	5,7
2,100	5,8
2,100	5,9
2,102	5,7
2,102	5,8
2,103	6,0
2,103	5,8
2,105	5,9
2,105	6,0
2,105	5,8
2,106	5,9
2,106	6,0
2,108	5,8
2,108	6,0
2,110	6,1
2,110	5,9
2,111	6,0
2,111	6,1
2,113	5,9
2,113	6,1
2,114	6,2
2,114	6,0
2,114	6,1
2,116	6,2
2,116	6,0
2,116	6,1
2,117	6,3
2,117	6,0
2,117	6,2
2,119	6,3
2,119	6,1
2,119	6,2
2,119	6,3
2,121	6,1
2,121	6,2
2,121	6,3
2,121	6,4
2,122	6,2
2,122	6,3
2,122	6,4
2,122	6,2
2,124	6,3
2,124	6,4
2,124	6,2
2,125	6,3
2,125	6,5
2,125	6,2
2,125	6,3
2,127	6,5
2,127	6,5
2,127	6,3
2,128	6,4
2,128	6,6
2,128	6,3
2,130	6,4
2,130	6,6
2,132	6,7
2,132	6,4
2,133	6,6
2,135	6,7
2,135	6,5
2,135	6,6
2,136	6,7
2,136	6,8
2,138	6,5
2,138	6,7
2,139	6,8
2,141	6,6
2,141	6,7
2,143	6,8
2,143	6,9
2,144	6,7
2,144	6,8
2,146	6,9
2,146	7,0
2,147	6,8
2,147	7,0
2,149	7,1
2,150	6,8
2,150	6,9
2,150	7,1
2,152	7,1
2,152	6,9
2,154	7,1
2,154	7,2
2,155	6,9
2,155	7,1
2,155	7,2
2,155	7,2
2,157	7,0
2,157	7,2
2,157	7,2
2,157	7,0
2,157	7,1
2,158	7,2
2,158	7,3
2,158	7,1
2,158	7,2
2,160	7,3
2,160	7,0
2,160	7,2
2,161	7,3
2,161	7,3
2,163	7,1
2,163	7,3
2,163	7,4
2,165	7,1
2,165	7,3
2,165	7,4
2,166	7,2
2,166	7,2
2,166	7,4
2,166	7,4
2,168	7,2
2,168	7,4
2,169	7,5
2,169	7,2
2,169	7,3
2,171	7,5
2,171	7,5
2,172	7,3
2,172	7,5
2,172	7,6
2,174	7,3
2,174	7,4
2,176	7,6
2,176	7,6
2,177	7,4
2,177	7,6
2,177	7,7
2,179	7,4
2,179	7,5
2,179	7,7
2,180	7,7
2,180	7,6
2,180	7,7
2,182	7,7
2,182	7,5
2,182	7,7
2,183	7,8
2,183	7,6
2,185	7,7
2,185	7,8
2,185	7,9
2,187	7,7
2,188	7,9
2,190	8,0
2,190	7,8
2,191	7,9
2,191	8,0
2,193	8,1
2,193	8,0
2,194	8,1
2,194	8,2
2,196	8,0
2,196	8,2
2,198	8,4
2,198	8,2
2,199	8,3
2,201	8,5
2,201	8,6
2,201	8,4
2,202	8,5
2,202	8,7
2,204	8,5
2,204	8,6
2,204	8,8
2,205	8,8
2,205	8,7
2,205	8,9
2,207	9,0
2,207	8,8
2,209	9,0
2,210	9,2
2,210	9,0
2,210	9,2
2,212	9,4
2,212	9,2
2,213	9,4
2,213	9,6
2,215	9,7
2,215	9,6
2,216	9,7
2,216	9,8
2,218	9,7
2,218	9,9
2,220	10,1
2,220	9,9
2,221	10,1
2,221	10,3
2,221	10,1
2,223	10,4
2,223	10,5
2,224	10,6
2,224	10,5
2,224	10,7
2,226	10,9
2,226	10,7
2,226	10,9
2,227	11,0
2,227	10,8
2,227	11,0
2,227	11,1
2,227	11,0
2,229	11,1
2,229	11,3
2,229	11,3
2,229	11,2
2,229	11,4
2,229	11,4
2,231	11,3
2,231	11,5
2,231	11,6
2,231	11,4
2,231	11,6
2,232	11,7
2,232	11,6
2,232	11,7
2,232	11,9
2,232	11,7
2,234	11,9
2,234	12,0
2,234	12,1
2,234	12,0
2,235	12,2
2,235	12,3
2,235	12,2
2,235	12,4
2,235	12,5
2,237	12,3
2,237	12,6
2,237	12,7
2,238	12,8
2,238	12,7
2,238	12,9
2,238	13,1
2,240	13,1
2,240	13,0
2,240	13,2
2,240	13,3
2,240	13,4
2,242	13,3
2,242	13,5
2,242	13,6
2,242	13,7
2,242	13,6
2,243	13,8
2,243	14,0
2,243	13,8
2,245	14,1
2,245	14,3
2,246	14,6
2,246	14,4
2,248	14,7
2,248	15,0
2,249	15,2
2,249	15,1
2,251	15,4
2,251	15,6
2,253	15,7
2,253	15,7
2,254	16,0
2,254	16,2
2,256	16,3
2,256	16,3
2,256	16,5
2,257	16,6
2,257	16,5
2,257	16,7
2,259	16,9
2,259	16,9
2,259	16,8
2,259	17,0
2,259	17,1
2,259	17,2
2,260	17,1
2,260	17,4
2,260	17,5
2,260	17,4
2,262	17,7
2,264	18,0
2,264	18,1
2,265	18,0
2,265	18,3
2,265	18,5
2,265	18,3
2,267	18,5
2,267	18,8
2,267	19,0
2,268	18,9
2,268	19,1
2,270	19,4
2,270	19,4
2,271	19,5
2,273	19,7
2,273	19,9
2,273	19,8
2,275	20,1
2,275	20,2
2,276	20,4
2,276	20,3
2,278	20,6
2,278	20,7
2,279	20,6
2,279	20,8
2,281	21,0
2,281	21,0
2,282	21,0
2,282	21,1
2,282	21,2
2,284	21,1
2,284	21,3
2,284	21,4
2,286	21,5
2,286	21,5
2,286	21,6
2,287	21,7
2,287	21,6
2,289	21,8
2,289	21,9
2,289	21,9
2,289	21,8
2,290	22,0
2,290	22,1
2,290	21,9
2,292	22,1
2,292	22,1
2,293	22,1
2,293	22,2
2,295	22,3
2,295	22,3
2,297	22,2
2,297	22,4
2,298	22,5
2,298	22,5
2,300	22,4
2,300	22,5
2,301	22,5
2,301	22,3
2,301	22,5
2,303	22,6
2,303	22,6
2,304	22,4
2,304	22,5
2,306	22,6
2,306	22,3
2,308	22,5
2,308	22,5
2,309	22,6
2,309	22,4
2,309	22,5
2,309	22,5
2,311	22,3
2,311	22,3
2,311	22,4
2,312	22,3
2,312	22,2
2,312	22,3
2,314	22,2
2,314	22,0
2,314	22,1
2,315	22,2
2,315	22,1
2,315	22,0
2,315	22,0
2,317	22,0
2,317	21,8
2,318	21,8
2,318	21,9
2,320	21,7
2,320	21,6
2,322	21,6
2,322	21,5
2,323	21,3
2,323	21,3
2,325	21,2
2,325	21,1
2,326	20,9
2,326	21,0
2,328	20,9
2,328	20,7
2,328	20,7
2,329	20,6
2,329	20,5
2,331	20,3
2,331	20,3
2,331	20,2
2,333	19,9
2,333	19,9
2,334	19,9
2,334	19,6
2,336	19,4
2,336	19,3
2,337	19,1
2,339	18,9
2,339	18,7
2,340	18,6
2,342	18,4
2,344	18,1
2,344	18,1
2,345	17,9
2,347	17,6
2,347	17,5
2,348	17,5
2,348	17,3
2,350	17,1
2,350	17,1
2,351	17,0
2,351	16,9
2,351	16,7
2,353	16,7
2,353	16,6
2,353	16,3
2,355	16,1
2,355	16,2
2,355	16,1
2,356	15,9
2,356	15,9
2,356	16,0
2,356	16,0
2,356	15,8
2,356	15,8
2,356	15,7
2,356	15,7
2,358	15,5
2,358	15,6
2,358	15,5
2,358	15,4
2,358	15,3
2,358	15,4
2,359	15,3
2,359	15,2
2,359	15,2
2,359	15,2
2,359	15,2
2,359	15,0
2,361	15,0
2,361	15,0
2,361	14,8
2,361	14,7
2,361	14,7
2,362	14,7
2,362	14,6
2,362	14,4
2,364	14,5
2,364	14,4
2,364	14,2
2,364	14,1
2,366	14,1
2,366	14,1
2,367	13,9
2,367	13,7
2,367	13,7
2,369	13,6
2,369	13,4
2,369	13,4
2,370	13,4
2,370	13,3
2,372	13,1
2,372	13,1
2,372	13,0
2,373	12,8
2,375	12,6
2,375	12,6
2,375	12,5
2,377	12,3
2,377	12,3
2,378	12,2
2,378	12,0
2,380	11,9
2,380	11,9
2,380	11,7
2,381	11,6
2,381	11,6
2,383	11,4
2,383	11,1
2,384	11,2
2,384	11,1
2,386	10,9
2,386	10,8
2,388	10,8
2,389	10,5
2,391	10,5
2,391	10,4
2,392	10,3
2,392	10,1
2,392	10,2
2,394	10,1
2,394	9,9
2,395	9,9
2,395	9,9
2,397	9,7
2,397	9,7
2,399	9,6
2,399	9,4
2,400	9,3
2,400	9,3
2,402	9,3
2,402	9,2
2,402	9,2
2,402	9,1
2,403	9,0
2,403	9,0
2,405	9,0
2,405	8,9
2,405	8,9
2,405	8,9
2,406	8,8
2,406	8,7
2,406	8,7
2,408	8,6
2,410	8,5
2,410	8,5
2,411	8,5
2,411	8,3
2,411	8,3
2,413	8,3
2,413	8,2
2,414	8,1
2,416	8,2
2,416	8,1
2,416	7,9
2,417	8,0
2,417	8,0
2,419	7,9
2,419	7,8
2,419	7,9
2,421	7,8
2,421	7,7
2,421	7,8
2,422	7,8
2,422	7,7
2,422	7,7
2,422	7,8
2,422	7,7
2,422	7,6
2,422	7,7
2,422	7,7
2,424	7,6
2,424	7,7
2,424	7,7
2,424	7,7
2,424	7,7
2,424	7,7
2,424	7,7
2,424	7,6
2,424	7,7
2,424	7,7
2,424	7,6
2,424	7,6
2,424	7,6
2,424	7,6
2,425	7,4
2,425	7,5
2,427	7,5
2,427	7,3
2,428	7,3
2,430	7,3
2,430	7,2
2,432	7,1
2,432	7,2
2,433	7,1
2,435	7,0
2,435	7,0
2,436	7,0
2,436	6,9
2,438	6,8
2,438	6,9
2,439	6,9
2,439	6,8
2,439	6,8
2,441	6,8
2,441	6,7
2,441	6,6
2,443	6,7
2,443	6,7
2,444	6,6
2,444	6,6
2,444	6,7
2,444	6,6
2,446	6,5
2,446	6,6
2,446	6,6
2,447	6,5
2,447	6,5
2,447	6,6
2,449	6,5
2,449	6,4
2,449	6,5
2,450	6,5
2,450	6,3
2,452	6,4
2,452	6,4
2,452	6,3
2,454	6,3
2,455	6,3
2,455	6,2
2,457	6,2
2,458	6,2
2,458	6,2
2,460	6,1
2,460	6,2
2,461	6,1
2,463	6,0
2,463	6,1
2,463	6,0
2,465	6,0
2,465	6,0
2,466	5,9
2,466	5,9
2,468	6,0
2,468	5,9
2,468	5,9
2,469	5,9
2,469	5,8
2,469	5,9
2,471	5,9
2,471	5,8
2,471	5,8
2,472	5,8
2,472	5,7
2,472	5,8
2,474	5,8
2,474	5,7
2,476	5,8
2,476	5,8
2,476	5,6
2,477	5,7
2,477	5,7
2,479	5,6
2,479	5,7
2,479	5,7
2,479	5,5
2,480	5,7
2,480	5,6
2,482	5,5
2,482	5,6
2,483	5,6
2,485	5,4
2,485	5,6
2,487	5,5
2,488	5,4
2,488	5,5
2,490	5,5
2,490	5,3
2,491	5,5
2,491	5,5
2,493	5,3
2,494	5,4
2,494	5,4
2,494	5,3
2,494	5,4
2,494	5,4
2,496	5,3
2,496	5,4
2,496	5,4
2,498	5,2
2,498	5,4
2,498	5,3
2,499	5,2
2,499	5,4
2,499	5,3
2,499	5,2
2,501	5,4
2,501	5,3
2,501	5,2
2,501	5,4
2,501	5,3
2,501	5,2
2,502	5,4
2,502	5,3
2,502	5,2
2,504	5,3
2,504	5,3
2,504	5,1
2,505	5,3
2,505	5,3
2,505	5,1
2,507	5,3
2,507	5,2
2,507	5,1
2,509	5,3
2,509	5,2
2,510	5,1
2,510	5,3
2,510	5,2
2,512	5,1
2,512	5,3
2,513	5,2
2,513	5,1
2,515	5,3
2,515	5,2
2,516	5,1
2,516	5,3
2,518	5,2
2,518	5,1
2,518	5,3
2,520	5,2
2,520	5,1
2,520	5,3
2,521	5,2
2,521	5,1
2,521	5,3
2,523	5,2
2,523	5,1
2,524	5,3
2,524	5,2
2,524	5,1
2,526	5,3
2,526	5,2
2,527	5,1
2,527	5,3
2,529	5,2
2,529	5,1
2,531	5,3
2,531	5,2
2,531	5,1
2,531	5,3
2,532	5,2
2,532	5,1
2,532	5,3
2,534	5,2
2,534	5,1
2,535	5,3
2,535	5,2
2,535	5,1
2,535	5,3
2,537	5,2
2,537	5,1
2,537	5,3
2,538	5,2
2,538	5,3
2,538	5,3
2,538	5,2
2,538	5,3
2,540	5,3
2,540	5,2
2,540	5,3
2,540	5,3
2,542	5,2
2,542	5,3
2,543	5,3
2,543	5,2
2,545	5,3
2,545	5,3
2,546	5,2
2,546	5,3
2,546	5,3
2,548	5,2
2,548	5,3
2,549	5,3
2,551	5,2
2,551	5,3
2,553	5,3
2,554	5,2
2,554	5,3
2,554	5,3
2,556	5,2
2,556	5,3
2,557	5,3
2,557	5,2
2,559	5,3
2,560	5,3
2,560	5,2
2,562	5,3
2,564	5,3
2,565	5,2
2,565	5,3
2,567	5,3
2,567	5,2
2,568	5,3
2,568	5,3
2,570	5,2
2,570	5,3
2,571	5,3
2,571	5,2
2,573	5,3
2,575	5,3
2,575	5,2
2,576	5,3
2,576	5,3
2,578	5,2
2,579	5,3
2,579	5,3
2,581	5,2
2,582	5,3
2,584	5,3
2,586	5,2
2,587	5,3
2,589	5,3
2,589	5,2
2,590	5,4
2,592	5,3
2,593	5,2
2,595	5,4
2,595	5,4
2,597	5,2
2,598	5,4
2,598	5,4
2,600	5,3
2,600	5,5
2,601	5,4
2,601	5,3
2,603	5,5
2,603	5,4
2,603	5,3
2,603	5,5
2,604	5,4
2,604	5,3
2,604	5,5
2,604	5,5
2,606	5,3
2,606	5,6
2,606	5,5
2,608	5,4
2,608	5,6
2,609	5,5
2,609	5,4
2,609	5,6
2,609	5,5
2,611	5,4
2,611	5,7
2,611	5,6
2,612	5,5
2,612	5,7
2,612	5,6
2,614	5,5
2,614	5,7
2,615	5,7
2,615	5,6
2,617	5,8
2,617	5,7
2,617	5,6
2,619	5,9
2,619	5,8
2,620	5,7
2,620	5,9
2,622	5,9
2,622	5,8
2,623	6,0
2,623	5,9
2,625	6,1
2,626	6,2
2,628	6,1
2,628	6,3
2,630	6,3
2,631	6,3
2,634	6,3
2,636	6,6
2,639	6,8
2,642	6,9
2,645	7,1
2,647	7,2
2,648	7,2
2,648	7,1
2,648	7,3
2,648	7,3
2,648	7,2
2,650	7,4
2,650	7,4
2,650	7,2
2,650	7,2
2,650	7,4
2,650	7,4
2,650	7,3
2,650	7,5
2,652	7,5
2,652	7,3
2,652	7,2
2,652	7,5
2,652	7,4
2,652	7,4
2,652	7,6
2,653	7,6
2,653	7,5
2,653	7,5
2,655	7,6
2,655	7,6
2,655	7,5
2,655	7,7
2,655	7,6
2,655	7,5
2,655	7,7
2,655	7,7
2,656	7,7
2,656	7,6
2,656	7,9
2,658	7,9
2,658	7,8
2,659	8,0
2,659	8,1
2,661	8,0
2,661	8,0
2,663	8,3
2,663	8,3
2,664	8,3
2,666	8,5
2,667	8,5
2,667	8,4
2,667	8,6
2,669	8,7
2,669	8,6
2,670	8,5
2,670	8,8
2,672	8,8
2,672	8,7
2,672	9,0
2,673	9,0
2,673	8,8
2,673	9,1
2,673	9,1
2,675	9,0
2,675	9,0
2,675	9,2
2,677	9,1
2,677	9,1
2,677	9,3
2,678	9,3
2,678	9,2
2,680	9,5
2,680	9,5
2,681	9,4
2,681	9,6
2,681	9,5
2,681	9,4
2,681	9,4
2,683	9,7
2,683	9,6
2,683	9,5
2,684	9,8
2,684	9,7
2,684	9,6
2,686	9,9
2,686	9,8
2,686	9,7
2,686	9,6
2,688	9,9
2,688	9,8
2,688	9,7
2,689	10,0
2,689	10,0
2,691	9,8
2,691	10,1
2,691	10,1
2,691	9,9
2,692	10,2
2,692	10,2
2,692	10,1
2,692	10,0
2,694	10,2
2,694	10,1
2,694	10,1
2,694	10,3
2,695	10,2
2,695	10,2
2,695	10,4
2,697	10,3
2,697	10,3
2,699	10,5
2,699	10,4
2,699	10,3
2,700	10,3
2,700	10,5
2,700	10,4
2,702	10,3
2,702	10,6
2,703	10,5
2,703	10,4
2,705	10,7
2,705	10,6
2,705	10,5
2,706	10,7
2,706	10,7
2,708	10,5
2,708	10,8
2,708	10,7
2,708	10,6
2,710	10,5
2,710	10,8
2,710	10,6
2,711	10,5
2,711	10,8
2,711	10,7
2,711	10,6
2,711	10,8
2,713	10,7
2,713	10,6
2,713	10,8
2,713	10,7
2,714	10,6
2,714	10,6
2,714	10,8
2,714	10,6
2,716	10,6
2,716	10,8
2,716	10,7
2,717	10,6
2,717	10,8
2,717	10,7
2,719	10,6
2,719	10,8
2,719	10,7
2,721	10,6
2,721	10,8
2,721	10,7
2,722	10,6
2,722	10,5
2,722	10,7
2,724	10,5
2,724	10,5
2,724	10,7
2,724	10,5
2,724	10,4
2,725	10,7
2,725	10,6
2,727	10,4
2,727	10,6
2,727	10,5
2,728	10,4
2,730	10,3
2,730	10,5
2,732	10,3
2,732	10,2
2,733	10,5
2,733	10,3
2,735	10,2
2,736	10,4
2,736	10,2
2,738	10,1
2,738	10,3
2,739	10,2
2,739	10,0
2,741	9,9
2,741	10,1
2,743	9,9
2,743	9,8
2,743	10,0
2,744	9,8
2,744	9,7
2,746	9,9
2,746	9,8
2,746	9,6
2,747	9,8
2,747	9,7
2,749	9,5
2,750	9,4
2,750	9,6
2,752	9,4
2,752	9,3
2,752	9,5
2,754	9,4
2,754	9,2
2,754	9,4
2,755	9,3
2,757	9,1
2,758	9,0
2,758	9,2
2,760	9,0
2,760	8,8
2,761	9,0
2,761	8,8
2,763	8,7
2,765	8,9
2,765	8,7
2,766	8,5
2,766	8,4
2,768	8,6
2,768	8,4
2,769	8,3
2,769	8,5
2,771	8,2
2,772	8,1
2,774	8,2
2,774	8,0
2,776	7,8
2,777	7,8
2,777	7,9
2,779	7,7
2,779	7,6
2,780	7,8
2,780	7,6
2,782	7,4
2,782	7,6
2,783	7,5
2,783	7,3
2,785	7,2
2,785	7,4
2,785	7,3
2,787	7,1
2,787	7,3
2,787	7,2
2,788	7,0
2,788	7,0
2,788	7,1
2,790	7,0
2,790	6,9
2,790	7,1
2,791	6,9
2,791	6,8
2,793	6,7
2,793	6,9
2,794	6,8
2,794	6,7
2,796	6,9
2,796	6,7
2,798	6,5
2,799	6,4
2,799	6,6
2,802	6,3
2,804	6,2
2,805	6,4
2,809	6,2
2,809	6,1
2,810	6,2
2,812	6,1
2,812	6,0
2,813	6,2
2,813	6,1
2,815	5,9
2,815	6,1
2,816	6,0
2,818	5,9
2,818	6,1
2,820	6,0
2,820	5,9
2,820	6,1
2,820	5,9
2,820	5,8
2,820	6,0
2,820	5,9
2,820	5,8
2,821	6,0
2,821	5,9
2,821	5,8
2,821	6,0
2,823	5,9
2,823	5,8
2,823	6,0
2,823	5,9
2,823	5,8
2,823	6,0
2,824	5,8
2,824	5,8
2,826	6,0
2,826	5,9
2,826	5,8
2,826	6,0
2,826	5,8
2,826	5,8
2,826	5,9
2,827	5,8
2,827	5,8
2,827	5,9
2,829	5,8
2,831	5,8
2,831	5,9
2,831	5,8
2,832	5,8
2,832	5,9
2,834	5,8
2,835	5,8
2,835	5,9
2,835	5,8
2,835	5,8
2,835	5,9
2,837	5,8
2,837	6,0
2,837	5,9
2,838	5,8
2,838	6,0
2,838	5,9
2,838	5,8
2,840	6,0
2,840	5,8
2,840	5,8
2,842	6,0
2,842	5,9
2,842	5,8
2,843	6,0
2,845	5,8
2,846	5,8
2,846	6,0
2,848	5,8
2,849	5,8
2,849	6,0
2,851	5,9
2,853	5,8
2,854	6,0
2,854	5,8
2,856	5,8
2,856	6,0
2,856	5,8
2,857	5,8
2,859	5,9
2,859	5,8
2,860	5,8
2,860	5,9
2,860	5,8
2,862	5,8
2,862	6,0
2,864	5,8
2,864	5,8
2,864	5,9
2,865	5,8
2,865	5,8
2,865	5,9
2,867	5,8
2,867	5,8
2,868	5,9
2,868	5,8
2,868	5,8
2,870	5,9
2,870	5,8
2,871	5,8
2,871	5,9
2,873	5,8
2,873	5,8
2,875	5,8
2,875	5,7
2,875	5,9
2,876	5,8
2,876	5,7
2,878	5,9
2,878	5,8
2,879	5,7
2,879	5,9
2,881	5,7
2,881	5,7
2,881	5,9
2,882	5,7
2,882	5,6
2,882	5,8
2,884	5,7
2,884	5,6
2,884	5,8
2,886	5,7
2,886	5,6
2,886	5,8
2,887	5,6
2,887	5,6
2,887	5,7
2,887	5,6
2,889	5,6
2,889	5,7
2,889	5,6
2,890	5,5
2,892	5,7
2,892	5,5
2,892	5,5
2,892	5,6
2,892	5,5
2,893	5,5
2,893	5,6
2,893	5,5
2,893	5,5
2,895	5,6
2,895	5,5
2,897	5,5
2,897	5,6
2,898	5,4
2,898	5,4
2,898	5,5
2,898	5,4
2,900	5,4
2,900	5,5
2,900	5,4
2,901	5,4
2,901	5,5
2,901	5,3
2,903	5,4
2,904	5,4
2,904	5,3
2,904	5,3
2,906	5,4
2,906	5,3
2,906	5,3
2,908	5,4
2,908	5,2
2,909	5,3
2,909	5,3
2,911	5,2
2,911	5,2
2,912	5,3
2,914	5,2
2,914	5,2
2,915	5,3
2,915	5,2
2,917	5,2
2,917	5,3
2,919	5,2
2,919	5,2
2,920	5,2
2,920	5,1
2,922	5,2
2,923	5,2
2,925	5,1
2,925	5,2
2,926	5,2
2,928	5,1
2,930	5,2
2,931	5,1
2,933	5,1
2,933	5,2
2,934	5,1
2,936	5,1
2,937	5,1
2,939	5,1
2,941	5,1
2,942	5,1
2,942	5,1
2,944	5,1
2,945	5,2
2,945	5,1
2,947	5,1
2,947	5,2
2,948	5,2
2,950	5,1
2,952	5,3
2,953	5,2
2,955	5,1
2,956	5,4
2,956	5,2
2,958	5,2
2,959	5,4
2,963	5,3
2,964	5,3
2,967	5,5
2,969	5,4
2,970	5,4
2,970	5,5
2,970	5,4
2,972	5,4
2,974	5,6
2,974	5,5
2,975	5,5
2,977	5,6
2,978	5,5
2,978	5,5
2,978	5,6
2,980	5,5
2,980	5,5
2,981	5,7
2,983	5,6
2,983	5,6
2,985	5,7
2,986	5,6
2,986	5,6
2,988	5,7
2,989	5,6
2,991	5,7
2,992	5,8
2,994	5,7
2,996	5,7
2,997	5,8
2,997	5,7
2,999	5,8
3,000	5,8
3,000	5,7
3,002	5,8
3,002	5,9
3,003	5,7
3,003	5,8
3,005	5,8
3,005	5,8
3,005	5,8
3,007	5,9
3,007	5,8
3,008	5,9
3,008	5,9
3,010	5,8
3,010	5,9
3,010	5,9
3,011	5,8
3,011	5,9
3,013	5,9
3,013	5,8
3,013	5,9
3,014	5,9
3,014	5,8
3,014	6,0
3,014	5,9
3,016	5,8
3,016	6,0
3,016	5,9
3,016	5,8
3,016	6,0
3,018	5,9
3,019	5,9
3,021	6,1
3,022	5,9
3,024	5,9
3,024	6,1
3,025	6,0
3,025	6,0
3,027	6,1
3,027	6,0
3,027	6,0
3,028	6,1
3,028	6,1
3,028	6,0
3,030	6,1
3,030	6,1
3,030	6,0
3,030	6,1
3,032	6,1
3,032	6,1
3,032	6,2
3,032	6,2
3,033	6,1
3,033	6,2
3,035	6,2
3,036	6,2
3,036	6,2
3,038	6,3
3,038	6,2
3,039	6,3
3,041	6,4
3,041	6,4
3,043	6,4
3,044	6,5
3,044	6,5
3,046	6,5
3,047	6,5
3,049	6,7
3,050	6,6
3,050	6,6
3,050	6,7
3,052	6,8
3,052	6,7
3,054	6,7
3,054	6,9
3,054	6,8
3,055	6,8
3,055	6,8
3,055	6,9
3,055	6,8
3,055	6,9
3,057	7,0
3,057	7,0
3,057	6,9
3,058	7,0
3,058	7,1
3,060	7,0
3,060	7,1
3,060	7,2
3,061	7,2
3,061	7,2
3,061	7,2
3,061	7,3
3,063	7,2
3,063	7,3
3,065	7,4
3,065	7,4
3,066	7,4
3,066	7,5
3,068	7,5
3,068	7,5
3,068	7,6
3,069	7,7
3,069	7,7
3,071	7,7
3,071	7,8
3,072	7,9
3,072	7,8
3,072	7,9
3,074	8,0
3,074	8,0
3,074	8,0
3,076	8,1
3,076	8,1
3,077	8,1
3,079	8,3
3,079	8,4
3,080	8,3
3,082	8,4
3,082	8,6
3,083	8,5
3,083	8,6
3,085	8,7
3,085	8,7
3,087	8,7
3,088	8,8
3,088	8,9
3,088	8,8
3,088	8,9
3,090	9,0
3,090	9,0
3,090	9,0
3,090	9,1
3,090	9,0
3,090	9,0
3,090	9,2
3,091	9,2
3,091	9,1
3,091	9,2
3,093	9,3
3,093	9,3
3,094	9,4
3,094	9,5
3,096	9,5
3,098	9,5
3,098	9,7
3,099	9,7
3,099	9,7
3,101	9,8
3,101	9,8
3,102	9,8
3,102	9,9
3,102	10,0
3,104	9,9
3,104	9,9
3,105	10,0
3,105	10,0
3,105	10,0
3,107	10,1
3,107	10,0
3,107	10,0
3,109	10,1
3,109	10,1
3,109	10,1
3,110	10,1
3,112	10,2
3,112	10,1
3,113	10,1
3,115	10,3
3,115	10,2
3,116	10,2
3,118	10,3
3,118	10,3
3,120	10,2
3,121	10,3
3,121	10,3
3,123	10,2
3,124	10,3
3,124	10,4
3,126	10,3
3,127	10,2
3,127	10,4
3,129	10,2
3,129	10,2
3,131	10,3
3,132	10,3
3,132	10,2
3,134	10,3
3,134	10,2
3,135	10,2
3,135	10,3
3,137	10,3
3,138	10,1
3,138	10,1
3,140	10,2
3,140	10,0
3,142	10,1
3,142	10,2
3,143	10,0
3,143	10,0
3,145	10,0
3,146	10,0
3,148	9,8
3,148	9,8
3,149	9,8
3,151	9,6
3,154	9,6
3,154	9,6
3,156	9,4
3,157	9,4
3,157	9,4
3,159	9,3
3,160	9,2
3,162	9,2
3,162	9,1
3,164	9,0
3,164	9,0
3,165	9,0
3,165	8,9
3,167	8,8
3,168	8,8
3,168	8,7
3,170	8,6
3,170	8,7
3,171	8,6
3,171	8,5
3,173	8,4
3,175	8,4
3,176	8,2
3,176	8,2
3,178	8,3
3,178	8,1
3,178	8,1
3,179	8,1
3,181	8,0
3,181	7,8
3,182	7,8
3,184	7,9
3,184	7,7
3,186	7,6
3,187	7,6
3,187	7,5
3,189	7,4
3,189	7,4
3,190	7,4
3,190	7,3
3,192	7,3
3,192	7,3
3,192	7,2
3,192	7,1
3,193	7,2
3,195	7,1
3,195	7,0
3,197	7,0
3,197	7,1
3,197	7,0
3,198	6,9
3,198	7,0
3,198	6,9
3,198	6,8
3,198	6,9
3,198	7,0
3,200	6,8
3,200	6,8
3,200	6,9
3,200	6,9
3,200	6,8
3,200	6,8
3,200	6,9
3,200	6,8
3,200	6,8
3,200	6,9
3,200	6,8
3,200	6,7
3,200	6,8
3,200	6,9
3,200	6,8
3,200	6,8
3,200	6,9
3,200	6,8
3,200	6,8
3,200	6,8
3,200	6,9
3,200	6,8
3,200	6,8
3,200	6,8
3,200	6,8
3,200	6,8
3,200	6,8
3,201	6,9
3,201	6,7
3,201	6,7
3,203	6,7
3,204	6,7
3,204	6,5
3,206	6,5
3,208	6,6
3,208	6,5
3,208	6,4
3,208	6,5
3,209	6,5
3,209	6,3
3,209	6,3
3,211	6,4
3,211	6,3
3,211	6,3
3,212	6,3
3,212	6,3
3,212	6,2
3,214	6,3
3,214	6,4
3,214	6,2
3,215	6,2
3,215	6,3
3,215	6,1
3,217	6,1
3,217	6,2
3,217	6,1
3,217	6,1
3,219	6,2
3,219	6,1
3,220	6,0
3,220	6,1
3,222	6,0
3,222	5,9
3,222	6,0
3,222	6,0
3,223	5,9
3,223	6,0
3,223	5,9
3,223	5,9
3,225	6,0
3,225	5,9
3,225	5,9
3,225	6,0
3,226	5,9
3,226	5,8
3,226	6,0
3,226	5,8
3,226	5,8
3,228	5,9
3,228	5,8
3,230	5,8
3,230	5,9
3,231	5,7
3,231	5,7
3,233	5,8
3,233	5,6
3,233	5,7
3,234	5,8
3,234	5,6
3,236	5,6
3,236	5,7
3,236	5,6
3,237	5,6
3,239	5,7
3,239	5,5
3,241	5,5
3,241	5,7
3,242	5,5
3,242	5,5
3,244	5,5
3,244	5,4
3,245	5,5
3,245	5,5
3,245	5,4
3,247	5,4
3,247	5,4
3,247	5,3
3,248	5,4
3,248	5,4
3,248	5,3
3,248	5,4
3,250	5,4
3,250	5,3
3,250	5,4
3,250	5,3
3,250	5,3
3,250	5,4
3,252	5,3
3,252	5,3
3,252	5,4
3,253	5,3
3,253	5,3
3,255	5,4
3,255	5,3
3,256	5,2
3,256	5,3
3,258	5,2
3,258	5,2
3,259	5,3
3,259	5,2
3,259	5,2
3,259	5,3
3,259	5,2
3,261	5,2
3,261	5,3
3,261	5,1
3,261	5,1
3,263	5,2
3,263	5,1
3,264	5,1
3,264	5,2
3,266	5,1
3,266	5,1
3,267	5,2
3,267	5,0
3,269	5,0
3,270	5,1
3,270	5,0
3,272	5,0
3,272	5,1
3,272	5,0
3,274	5,0
3,274	5,1
3,275	5,0
3,275	4,9
3,277	5,0
3,278	4,9
3,278	4,9
3,280	5,0
3,280	4,9
3,281	4,9
3,281	5,0
3,283	4,9
3,283	4,8
3,285	4,9
3,286	4,8
3,286	4,8
3,288	4,9
3,289	4,8
3,291	4,7
3,291	4,8
3,292	4,8
3,292	4,7
3,294	4,8
3,294	4,7
3,296	4,7
3,296	4,8
3,297	4,7
3,297	4,7
3,299	4,7
3,299	4,9
3,300	4,6
3,300	4,7
3,302	4,8
3,302	4,6
3,303	4,7
3,305	4,8
3,307	4,6
3,307	4,7
3,308	4,8
3,310	4,6
3,310	4,7
3,311	4,8
3,313	4,6
3,314	4,7
3,314	4,8
3,316	4,6
3,316	4,7
3,318	4,8
3,319	4,6
3,319	4,6
3,321	4,8
3,322	4,6
3,322	4,6
3,324	4,8
3,324	4,6
3,324	4,6
3,325	4,8
3,325	4,6
3,327	4,7
3,327	4,8
3,329	4,6
3,329	4,7
3,330	4,8
3,330	4,6
3,332	4,7
3,332	4,8
3,333	4,6
3,333	4,7
3,335	4,8
3,335	4,6
3,336	4,7
3,336	4,8
3,338	4,6
3,338	4,7
3,340	4,8
3,340	4,6
3,341	4,7
3,341	4,8
3,341	4,6
3,343	4,7
3,343	4,8
3,344	4,6
3,346	4,7
3,346	4,9
3,346	4,7
3,347	4,7
3,347	4,9
3,349	4,7
3,349	4,7
3,351	4,9
3,351	4,7
3,352	4,8
3,354	4,9
3,354	4,7
3,355	4,8
3,357	4,9
3,357	4,7
3,358	4,8
3,358	5,0
3,360	4,7
3,360	4,8
3,362	4,9
3,362	4,8
3,363	4,8
3,365	5,0
3,365	4,8
3,366	4,8
3,366	5,0
3,368	4,8
3,369	4,9
3,371	5,0
3,371	4,8
3,373	4,9
3,373	5,0
3,374	4,8
3,376	4,9
3,377	5,1
3,379	4,9
3,379	4,9
3,380	5,1
3,380	4,9
3,382	5,0
3,382	5,1
3,383	4,9
3,383	5,0
3,385	5,1
3,385	4,9
3,385	5,0
3,387	5,1
3,387	4,9
3,388	5,0
3,388	5,1
3,388	5,0
3,388	5,0
3,390	5,1
3,390	5,0
3,390	5,0
3,390	5,1
3,390	5,0
3,390	5,0
3,390	5,2
3,391	5,0
3,391	5,0
3,391	5,1
3,391	5,0
3,391	5,0
3,391	5,2
3,393	5,0
3,393	5,0
3,393	5,1
3,393	5,0
3,393	5,0
3,393	5,2
3,393	5,0
3,393	5,0
3,393	5,2
3,393	5,0
3,393	5,0
3,393	5,2
3,394	5,0
3,394	5,0
3,394	5,2
3,394	5,0
3,396	5,1
3,396	5,2
3,396	5,0
3,398	5,1
3,398	5,2
3,398	5,0
3,398	5,1
3,399	5,2
3,399	5,0
3,399	5,1
3,401	5,2
3,401	5,1
3,402	5,1
3,402	5,3
3,402	5,1
3,404	5,1
3,404	5,3
3,405	5,1
3,405	5,1
3,407	5,3
3,407	5,1
3,409	5,2
3,410	5,3
3,410	5,1
3,410	5,2
3,412	5,4
3,412	5,2
3,412	5,2
3,412	5,4
3,412	5,2
3,412	5,2
3,412	5,4
3,413	5,2
3,413	5,2
3,413	5,4
3,413	5,2
3,413	5,2
3,413	5,4
3,415	5,2
3,415	5,3
3,415	5,4
3,415	5,2
3,415	5,3
3,416	5,4
3,416	5,3
3,416	5,3
3,418	5,5
3,418	5,3
3,418	5,4
3,420	5,6
3,420	5,4
3,420	5,5
3,421	5,6
3,421	5,4
3,421	5,5
3,423	5,6
3,423	5,4
3,423	5,5
3,423	5,6
3,423	5,4
3,423	5,5
3,423	5,7
3,424	5,4
3,424	5,5
3,424	5,7
3,424	5,5
3,424	5,6
3,424	5,7
3,424	5,5
3,424	5,6
3,424	5,7
3,424	5,5
3,424	5,6
3,424	5,7
3,424	5,4
3,424	5,6
3,424	5,7
3,424	5,5
3,424	5,6
3,424	5,7
3,424	5,4
3,424	5,6
3,426	5,7
3,426	5,5
3,426	5,6
3,426	5,7
3,426	5,5
3,426	5,6
3,426	5,4
3,426	5,5
3,427	5,6
3,427	5,5
3,427	5,5
3,427	5,7
3,427	5,5
3,427	5,5
3,427	5,7
3,427	5,5
3,427	5,5
3,429	5,7
3,429	5,5
3,429	5,6
3,429	5,7
3,429	5,5
3,429	5,6
3,429	5,7
3,431	5,5
3,431	5,6
3,431	5,7
3,431	5,5
3,431	5,6
3,431	5,8
3,431	5,6
3,431	5,6
3,431	5,8
3,431	5,6
3,431	5,7
3,431	5,8
3,432	5,6
3,432	5,7
3,432	5,8
3,432	5,6
3,432	5,7
3,432	5,8
3,432	5,6
3,432	5,7
3,432	5,8
3,432	5,6
3,432	5,7
3,432	5,8
3,432	5,6
3,432	5,7
3,432	5,8
3,432	5,6
3,432	5,7
3,432	5,9
3,432	5,6
3,432	5,7
3,432	5,8
3,432	5,6
3,432	5,8
3,432	5,9
3,432	5,6
3,434	5,8
3,434	5,9
3,434	5,6
3,434	5,8
3,434	5,9
3,434	5,7
3,434	5,8
3,434	5,9
3,434	5,7
3,434	5,8
3,434	5,9
3,434	5,7
3,434	5,8
3,434	5,9
3,434	5,7
3,434	5,8
3,434	5,7
3,434	5,7
3,434	5,9
3,435	5,7
3,435	5,7
3,435	5,9
3,435	5,7
3,435	5,7
3,435	5,9
3,435	5,7
3,435	5,8
3,435	5,9
3,435	5,7
3,435	5,8
3,435	5,9
3,435	5,7
3,435	5,8
3,435	5,9
3,435	5,7
3,435	5,8
3,435	5,9
3,435	5,7
3,435	5,8
3,435	5,9
3,435	5,7
3,435	5,8
3,435	5,9
3,435	5,7
3,435	5,8
3,437	6,0
3,437	5,7
3,437	5,9
3,437	6,0
3,437	5,8
3,437	5,9
3,437	6,0
3,438	5,8
3,438	5,9
3,438	6,1
3,438	5,9
3,440	6,0
3,440	6,1
3,440	5,9
3,440	6,1
3,442	6,2
3,442	6,0
3,443	6,1
3,443	6,2
3,443	6,0
3,443	6,2
3,445	6,3
3,445	6,1
3,445	6,2
3,446	6,3
3,446	6,1
3,446	6,2
3,446	6,3
3,446	6,1
3,446	6,2
3,448	6,4
3,448	6,1
3,448	6,3
3,448	6,4
3,448	6,2
3,448	6,2
3,448	6,4
3,448	6,4
3,449	6,2
3,449	6,4
3,449	6,5
3,449	6,2
3,449	6,4
3,449	6,5
3,449	6,2
3,449	6,3
3,449	6,5
3,449	6,3
3,449	6,3
3,449	6,4
3,449	6,5
3,449	6,3
3,449	6,4
3,449	6,4
3,449	6,2
3,449	6,3
3,449	6,4
3,449	6,2
3,449	6,3
3,449	6,4
3,449	6,5
3,449	6,2
3,449	6,4
3,449	6,5
3,449	6,2
3,449	6,4
3,449	6,4
3,449	6,2
3,449	6,3
3,449	6,4
3,449	6,5
3,449	6,3
3,449	6,4
3,449	6,5
3,449	6,2
3,449	6,4
3,449	6,5
3,449	6,3
3,449	6,4
3,449	6,5
3,449	6,5
3,449	6,3
3,449	6,4
3,449	6,5
3,449	6,3
3,449	6,4
3,449	6,5
3,449	6,2
3,449	6,3
3,449	6,4
3,449	6,5
3,449	6,3
3,449	6,4
3,449	6,5
3,449	6,3
3,449	6,4
3,449	6,5
3,449	6,3
3,449	6,3
3,449	6,4
3,449	6,5
3,449	6,3
3,449	6,4
3,449	6,5
3,453	6,4
3,451	6,4
3,451	6,4
3,449	6,2
3,448	6,3
3,449	6,5
3,453	6,8
3,460	6,8
3,456	6,2
3,449	6,2
3,445	6,1
3,443	6,3
3,454	6,6
3,467	6,4
3,465	6,4
3,453	6,3
3,442	6,4
3,445	6,2
3,453	6,4
3,460	6,6
3,465	6,5
3,457	6,4
3,448	6,3
3,445	6,1
3,446	6,2
3,448	6,5
3,470	6,7
3,470	6,5
3,451	6,5
3,440	6,2
3,442	6,0
3,454	6,4
3,457	6,5
3,460	6,2
