Beleuchtungsstärke vs Winkelposition, Messreihe #5
Winkelposition ( rad )	Beleuchtungsstärke ( lux )
0,002	23,9
0,002	24,0
0,002	24,2
0,002	24,0
0,002	24,1
0,003	24,2
0,003	24,1
0,003	24,1
0,003	24,3
0,003	24,2
0,003	24,2
0,003	24,3
0,003	24,5
0,005	24,3
0,005	24,4
0,005	24,5
0,005	24,4
0,005	24,3
0,005	24,5
0,005	24,6
0,005	24,4
0,005	24,4
0,005	24,5
0,005	24,4
0,005	24,3
0,005	24,3
0,005	24,4
0,005	24,2
0,005	24,2
0,005	24,1
0,005	23,9
0,005	23,8
0,005	23,8
0,003	23,9
0,003	23,7
0,003	23,7
0,003	23,8
0,003	23,6
0,003	23,6
0,003	23,6
0,003	23,6
0,003	23,5
0,003	23,5
0,003	23,6
0,003	23,5
0,003	23,5
0,003	23,6
0,003	23,5
0,003	23,4
0,003	23,5
0,003	23,6
0,003	23,4
0,003	23,4
0,003	23,6
0,003	23,5
0,003	23,4
0,003	23,5
0,003	23,6
0,003	23,5
0,003	23,5
0,003	23,6
0,003	23,5
0,003	23,5
0,003	23,5
0,003	23,7
0,003	23,5
0,003	23,5
0,003	23,6
0,003	23,4
0,003	23,4
0,003	23,5
0,003	23,7
0,003	23,4
0,003	23,5
0,003	23,6
0,003	23,4
0,003	23,4
0,003	23,5
0,003	23,6
0,003	23,4
0,003	23,4
0,003	23,5
0,003	23,4
0,003	23,3
0,003	23,3
0,002	23,5
0,002	23,3
0,002	23,3
0,002	23,5
0,002	23,3
0,002	23,3
0,002	23,4
0,002	23,6
0,002	23,4
0,002	23,6
0,002	23,8
0,002	23,6
0,002	23,6
0,002	23,7
0,002	23,8
0,002	23,5
0,002	23,6
0,002	23,6
0,002	23,4
0,002	23,4
0,000	23,4
-0,002	23,5
-0,002	23,2
-0,002	23,2
-0,002	23,3
-0,002	23,2
-0,003	23,1
-0,003	23,3
-0,003	23,4
-0,003	23,1
-0,003	23,2
-0,003	23,2
-0,003	23,1
-0,003	23,2
-0,003	23,3
-0,005	23,3
-0,005	23,0
-0,005	23,0
-0,006	23,2
-0,006	23,0
-0,008	22,9
-0,008	23,1
-0,008	23,1
-0,008	22,9
-0,009	23,0
-0,009	23,1
-0,011	22,9
-0,011	23,0
-0,011	23,0
-0,011	23,0
-0,011	22,9
-0,011	23,0
-0,013	23,1
-0,013	22,9
-0,013	22,9
-0,013	23,0
-0,013	22,9
-0,013	22,9
-0,014	23,0
-0,014	23,1
-0,014	22,9
-0,014	23,0
-0,014	23,1
-0,016	22,9
-0,016	22,9
-0,017	23,0
-0,017	23,2
-0,019	23,0
-0,019	23,0
-0,019	23,1
-0,019	23,0
-0,020	23,0
-0,020	23,1
-0,022	23,3
-0,022	23,1
-0,022	23,1
-0,024	23,2
-0,024	23,1
-0,025	23,1
-0,025	23,2
-0,025	23,3
-0,027	23,2
-0,027	23,2
-0,027	23,4
-0,028	23,2
-0,030	23,3
-0,030	23,4
-0,031	23,5
-0,031	23,3
-0,033	23,4
-0,035	23,5
-0,036	23,4
-0,036	23,4
-0,036	23,6
-0,036	23,7
-0,038	23,4
-0,038	23,5
-0,038	23,6
-0,039	23,5
-0,041	23,5
-0,041	23,6
-0,041	23,7
-0,042	23,5
-0,042	23,6
-0,044	23,7
-0,044	23,5
-0,044	23,6
-0,044	23,7
-0,044	23,8
-0,046	23,6
-0,046	23,7
-0,047	23,7
-0,047	23,5
-0,047	23,6
-0,047	23,7
-0,049	23,8
-0,049	23,6
-0,050	23,7
-0,050	23,8
-0,050	23,6
-0,052	23,6
-0,052	23,7
-0,053	23,6
-0,053	23,6
-0,055	23,7
-0,055	23,8
-0,057	23,6
-0,057	23,7
-0,058	23,8
-0,058	23,7
-0,060	23,7
-0,061	23,8
-0,061	23,9
-0,061	23,7
-0,063	23,8
-0,063	23,9
-0,063	23,7
-0,064	23,7
-0,064	23,9
-0,064	24,0
-0,066	23,7
-0,066	23,9
-0,066	24,0
-0,068	23,8
-0,068	23,9
-0,068	24,1
-0,069	24,2
-0,069	23,9
-0,071	24,1
-0,071	24,2
-0,071	24,1
-0,072	24,2
-0,072	24,3
-0,074	24,5
-0,074	24,3
-0,075	24,5
-0,075	24,7
-0,077	24,5
-0,077	24,7
-0,079	24,9
-0,079	24,8
-0,079	24,9
-0,080	25,1
-0,082	25,4
-0,082	25,1
-0,082	25,4
-0,083	25,5
-0,083	25,8
-0,083	26,0
-0,085	25,8
-0,085	26,0
-0,085	26,2
-0,086	26,4
-0,086	26,1
-0,086	26,4
-0,086	26,6
-0,088	26,9
-0,088	27,1
-0,090	26,9
-0,090	27,2
-0,090	27,5
-0,091	27,8
-0,091	27,7
-0,093	27,9
-0,093	28,3
-0,093	28,6
-0,093	28,3
-0,094	28,7
-0,096	29,2
-0,097	29,7
-0,097	30,0
-0,097	29,9
-0,099	30,2
-0,099	30,7
-0,099	31,1
-0,101	31,1
-0,102	31,4
-0,102	31,8
-0,102	32,3
-0,102	32,1
-0,104	32,6
-0,104	33,1
-0,105	33,4
-0,105	33,3
-0,107	33,9
-0,107	34,5
-0,107	35,0
-0,108	34,9
-0,108	35,5
-0,110	35,7
-0,110	36,5
-0,110	36,2
-0,112	36,8
-0,112	37,0
-0,112	37,9
-0,113	37,8
-0,113	38,2
-0,115	38,7
-0,115	39,2
-0,115	39,1
-0,115	39,6
-0,116	40,1
-0,116	40,9
-0,116	40,5
-0,118	41,0
-0,118	41,5
-0,118	41,8
-0,118	41,8
-0,119	42,2
-0,119	42,8
-0,119	43,4
-0,119	43,0
-0,121	43,5
-0,121	44,0
-0,121	44,2
-0,121	44,0
-0,123	44,4
-0,123	45,1
-0,123	45,2
-0,123	45,4
-0,123	45,7
-0,124	46,4
-0,124	46,6
-0,124	46,7
-0,124	47,1
-0,126	47,4
-0,126	48,1
-0,126	47,9
-0,126	48,6
-0,127	49,2
-0,127	49,2
-0,127	49,6
-0,127	49,8
-0,127	50,6
-0,129	50,1
-0,129	50,5
-0,129	50,7
-0,129	50,8
-0,129	50,7
-0,129	50,1
-0,129	50,4
-0,129	50,7
-0,129	51,1
-0,129	51,3
-0,129	50,9
-0,129	51,1
-0,129	51,2
-0,129	51,4
-0,129	51,3
-0,129	51,0
-0,129	51,2
-0,129	51,5
-0,129	51,5
-0,129	51,2
-0,129	51,1
-0,129	50,7
-0,129	51,0
-0,129	51,3
-0,129	51,2
-0,129	51,4
-0,129	51,7
-0,129	51,6
-0,129	52,1
-0,129	52,5
-0,129	52,6
-0,130	53,0
-0,130	53,2
-0,130	53,7
-0,130	53,7
-0,130	53,9
-0,130	53,5
-0,130	53,8
-0,130	54,1
-0,130	53,9
-0,130	54,0
-0,130	53,6
-0,130	54,1
-0,130	54,3
-0,130	54,2
-0,130	54,4
-0,130	54,3
-0,130	54,3
-0,130	54,3
-0,130	54,0
-0,130	53,0
-0,130	52,3
-0,130	51,8
-0,130	51,1
-0,130	49,7
-0,129	48,4
-0,129	47,7
-0,127	47,0
-0,127	46,8
-0,127	46,2
-0,127	45,5
-0,126	45,1
-0,126	44,7
-0,124	44,1
-0,123	43,5
-0,123	42,4
-0,123	41,8
-0,121	41,4
-0,121	41,1
-0,119	40,5
-0,118	39,6
-0,118	38,9
-0,116	38,4
-0,116	38,1
-0,116	37,6
-0,115	36,9
-0,113	36,4
-0,113	35,8
-0,112	35,2
-0,110	34,6
-0,108	34,1
-0,108	33,6
-0,108	33,1
-0,107	32,9
-0,107	32,6
-0,105	32,2
-0,105	31,9
-0,104	31,4
-0,102	31,1
-0,102	30,8
-0,101	30,3
-0,101	30,0
-0,099	29,7
-0,099	29,6
-0,099	29,4
-0,099	29,2
-0,097	28,9
-0,097	28,8
-0,096	28,6
-0,096	28,3
-0,094	28,1
-0,094	27,9
-0,093	27,7
-0,093	27,4
-0,091	27,0
-0,091	26,9
-0,090	26,8
-0,090	26,6
-0,088	26,3
-0,088	26,2
-0,086	26,1
-0,086	26,0
-0,085	25,8
-0,085	25,5
-0,085	25,4
-0,083	25,4
-0,082	25,4
-0,082	25,1
-0,082	25,0
-0,080	24,9
-0,080	24,9
-0,079	24,6
-0,079	24,7
-0,079	24,7
-0,077	24,4
-0,077	24,4
-0,075	24,4
-0,075	24,4
-0,074	24,2
-0,072	24,2
-0,072	24,2
-0,071	24,0
-0,071	24,0
-0,069	24,1
-0,069	24,1
-0,068	23,9
-0,068	23,9
-0,066	24,0
-0,064	23,7
-0,064	23,8
-0,063	23,9
-0,063	23,9
-0,061	23,7
-0,061	23,8
-0,060	23,9
-0,060	23,6
-0,058	23,7
-0,058	23,7
-0,057	23,9
-0,055	23,7
-0,055	23,8
-0,055	23,9
-0,053	23,6
-0,053	23,7
-0,052	23,8
-0,050	23,8
-0,049	23,6
-0,049	23,7
-0,047	23,8
-0,046	23,6
-0,046	23,6
-0,044	23,7
-0,044	23,7
-0,042	23,5
-0,042	23,6
-0,041	23,7
-0,039	23,5
-0,039	23,6
-0,038	23,7
-0,036	23,5
-0,036	23,4
-0,035	23,5
-0,033	23,7
-0,033	23,5
-0,031	23,5
-0,031	23,6
-0,031	23,3
-0,030	23,3
-0,030	23,3
-0,028	23,4
-0,027	23,2
-0,027	23,2
-0,025	23,3
-0,025	23,0
-0,024	23,1
-0,022	23,2
-0,020	23,2
-0,019	23,0
-0,019	23,1
-0,017	23,1
-0,017	22,9
-0,016	23,0
-0,014	23,1
-0,013	23,1
-0,011	22,9
-0,011	23,1
-0,011	23,2
-0,009	23,0
-0,008	23,1
-0,006	23,3
-0,005	23,4
-0,003	23,3
-0,003	23,4
-0,003	23,6
-0,002	23,4
-0,002	23,5
0,000	23,8
0,002	23,9
0,002	23,7
0,002	23,9
0,002	24,1
0,003	23,9
0,003	24,1
0,005	24,4
0,005	24,5
0,005	24,3
0,006	24,6
0,006	24,8
0,006	24,6
0,008	24,8
0,008	25,1
0,008	25,2
0,008	25,0
0,009	25,3
0,009	25,5
0,009	25,5
0,011	25,4
0,011	25,5
0,011	25,7
0,011	25,8
0,011	25,6
0,013	25,8
0,013	26,0
0,013	26,3
0,014	26,4
0,014	26,5
0,014	26,7
0,016	27,0
0,016	27,3
0,017	27,1
0,017	27,5
0,019	27,9
0,019	28,3
0,020	28,7
0,020	28,7
0,022	29,2
0,022	29,7
0,024	30,1
0,025	30,2
0,025	30,7
0,027	31,2
0,027	31,7
0,028	31,7
0,028	32,3
0,030	32,9
0,030	33,4
0,031	33,5
0,031	34,0
0,033	34,6
0,033	35,1
0,035	35,2
0,035	35,7
0,036	36,4
0,036	36,9
0,036	36,9
0,038	37,5
0,038	38,3
0,039	38,8
0,041	39,0
0,041	39,7
0,042	40,4
0,042	41,1
0,044	41,2
0,044	42,0
0,046	42,6
0,046	43,3
0,047	43,6
0,047	44,4
0,049	45,1
0,049	45,8
0,050	46,0
0,050	46,8
0,052	47,4
0,052	47,9
0,052	48,0
0,053	48,6
0,053	49,1
0,053	49,1
0,055	49,8
0,055	50,3
0,055	50,7
0,057	51,2
0,057	51,2
0,057	51,6
0,057	52,0
0,058	52,4
0,058	52,8
0,058	52,9
0,058	53,4
0,060	53,9
0,060	54,3
0,060	54,9
0,061	54,9
0,061	55,4
0,061	55,9
0,061	56,4
0,063	56,8
0,063	56,9
0,063	57,4
0,064	58,0
0,064	58,6
0,064	58,5
0,064	58,8
0,066	59,2
0,066	59,5
0,066	59,9
0,066	60,0
0,066	60,4
0,068	61,0
0,068	61,5
0,068	61,6
0,068	61,6
0,069	62,0
0,069	62,8
0,069	63,2
0,071	63,3
0,071	63,3
0,071	63,9
0,071	64,4
0,072	64,7
0,072	65,3
0,072	65,2
0,072	65,4
0,072	66,0
0,074	66,5
0,074	66,4
0,074	67,0
0,075	67,5
0,075	68,0
0,075	68,7
0,077	68,7
0,077	69,0
0,077	69,4
0,077	69,8
0,077	69,7
0,079	70,1
0,079	70,3
0,079	70,8
0,079	71,2
0,079	71,1
0,079	71,2
0,080	71,6
0,080	71,9
0,080	71,5
0,080	71,7
0,080	72,1
0,080	72,5
0,080	73,0
0,082	73,0
0,082	73,2
0,082	73,8
0,082	74,2
0,082	74,0
0,082	74,2
0,083	74,6
0,083	75,2
0,083	75,6
0,083	75,4
0,085	75,5
0,085	75,8
0,085	76,1
0,085	76,0
0,085	76,4
0,086	77,0
0,086	77,4
0,086	77,5
0,086	77,7
0,088	78,0
0,088	78,6
0,088	78,9
0,088	78,5
0,088	78,7
0,090	79,0
0,090	79,4
0,090	79,7
0,090	79,6
0,090	79,8
0,090	80,4
0,091	80,6
0,091	80,5
0,091	80,6
0,091	80,9
0,091	81,0
0,091	81,3
0,091	81,3
0,091	81,5
0,093	81,7
0,093	82,2
0,093	82,2
0,093	82,2
0,093	82,4
0,093	82,8
0,094	82,8
0,094	83,2
0,094	83,5
0,096	83,9
0,096	84,3
0,096	84,2
0,097	84,6
0,097	85,0
0,097	85,5
0,097	85,3
0,097	85,3
0,099	85,2
0,099	85,5
0,099	85,2
0,099	85,1
0,099	85,4
0,099	85,6
0,099	85,5
0,099	85,5
0,099	85,5
0,099	85,8
0,099	86,4
0,099	86,1
0,099	86,3
0,101	86,5
0,101	86,9
0,102	87,4
0,102	87,4
0,102	87,7
0,102	87,9
0,104	88,3
0,104	88,2
0,104	88,5
0,105	88,8
0,105	89,2
0,107	89,0
0,107	89,2
0,107	89,6
0,107	89,9
0,108	90,0
0,108	89,8
0,108	90,0
0,108	90,3
0,110	90,7
0,110	90,4
0,110	90,5
0,110	90,5
0,110	90,8
0,112	90,6
0,112	90,8
0,113	91,2
0,113	91,5
0,113	91,5
0,115	91,2
0,115	91,4
0,115	91,7
0,116	92,2
0,116	91,6
0,118	91,6
0,118	91,9
0,118	92,2
0,118	92,0
0,118	91,8
0,119	92,3
0,119	92,0
0,119	92,0
0,121	92,1
0,121	92,2
0,121	91,9
0,123	92,0
0,123	91,7
0,123	91,8
0,124	92,0
0,124	91,9
0,124	91,5
0,124	91,7
0,126	91,8
0,126	92,0
0,126	91,6
0,127	91,7
0,127	91,6
0,127	91,5
0,129	91,1
0,129	91,3
0,129	91,7
0,129	91,7
0,130	91,3
0,130	91,1
0,130	91,1
0,130	91,2
0,132	90,9
0,132	90,6
0,132	90,4
0,134	90,6
0,134	90,7
0,134	90,1
0,135	89,7
0,135	89,8
0,135	89,5
0,137	89,4
0,137	89,0
0,137	89,1
0,138	88,9
0,138	88,9
0,138	88,5
0,140	88,2
0,140	88,0
0,140	88,0
0,141	87,6
0,141	87,1
0,143	86,9
0,143	86,7
0,143	86,5
0,143	86,2
0,145	86,3
0,145	85,8
0,145	85,6
0,145	85,2
0,146	85,0
0,146	84,7
0,146	84,4
0,148	84,0
0,148	84,3
0,148	83,9
0,149	83,4
0,149	82,9
0,149	82,5
0,151	82,2
0,151	81,8
0,151	81,5
0,152	80,9
0,152	80,7
0,154	80,2
0,154	80,0
0,154	79,4
0,156	78,9
0,156	78,4
0,157	77,8
0,157	77,3
0,159	77,1
0,159	76,5
0,159	76,3
0,160	75,9
0,160	75,2
0,162	74,7
0,162	74,3
0,162	73,8
0,162	73,4
0,163	72,9
0,163	71,9
0,165	71,0
0,167	70,3
0,167	69,9
0,168	69,1
0,168	68,3
0,170	67,9
0,170	67,3
0,170	66,9
0,171	66,5
0,171	66,0
0,171	65,6
0,173	64,9
0,173	64,3
0,174	63,6
0,174	62,7
0,176	61,7
0,178	61,2
0,178	60,5
0,178	59,9
0,179	59,3
0,179	58,6
0,179	58,0
0,181	57,4
0,181	56,7
0,182	56,0
0,182	55,3
0,184	54,8
0,184	54,3
0,184	53,7
0,185	52,8
0,185	51,8
0,187	51,5
0,188	51,0
0,188	50,5
0,188	50,2
0,188	49,8
0,190	49,4
0,190	48,7
0,192	47,7
0,192	47,1
0,193	46,4
0,193	45,7
0,195	45,1
0,195	44,7
0,195	44,3
0,196	44,2
0,196	43,8
0,196	43,4
0,196	43,3
0,196	42,9
0,198	42,5
0,198	42,2
0,198	41,8
0,199	41,6
0,199	41,3
0,199	40,9
0,199	40,5
0,201	40,1
0,201	39,5
0,201	39,4
0,203	39,0
0,203	38,3
0,204	37,6
0,204	37,2
0,206	37,1
0,206	36,5
0,206	36,2
0,206	36,0
0,207	35,8
0,207	35,6
0,207	35,1
0,207	35,1
0,207	35,1
0,209	34,8
0,209	34,6
0,209	34,4
0,209	34,2
0,209	34,1
0,209	33,8
0,210	33,7
0,210	33,6
0,210	33,5
0,210	33,3
0,210	33,0
0,210	33,0
0,210	32,8
0,212	32,7
0,212	32,3
0,212	32,4
0,212	32,4
0,212	32,2
0,212	31,9
0,212	31,9
0,214	31,8
0,214	31,6
0,214	31,4
0,214	31,3
0,214	31,1
0,214	31,0
0,215	30,8
0,215	30,5
0,215	30,4
0,215	30,4
0,215	30,1
0,217	29,9
0,217	29,7
0,217	29,8
0,217	29,5
0,217	29,3
0,218	29,2
0,218	28,9
0,218	28,6
0,218	28,4
0,220	28,1
0,220	28,0
0,220	27,7
0,221	27,3
0,221	27,0
0,223	27,0
0,223	26,8
0,225	26,6
0,225	26,6
0,225	26,3
0,225	26,5
0,225	26,4
0,225	26,2
0,225	26,3
0,225	26,3
0,225	26,4
0,225	26,3
0,225	26,1
0,225	26,3
0,225	26,5
0,225	26,2
0,226	26,1
0,226	26,2
0,226	26,3
0,226	26,3
0,226	26,2
0,226	26,1
0,226	26,2
0,226	26,3
0,226	26,2
0,226	26,2
0,226	26,4
0,226	26,4
0,226	26,4
0,226	26,1
0,226	26,1
0,226	26,0
0,226	25,7
0,226	25,6
0,228	25,3
0,228	25,4
0,228	25,1
0,229	25,1
0,229	25,0
0,229	24,9
0,229	24,7
0,231	24,8
0,231	24,8
0,231	24,7
0,231	24,7
0,231	24,5
0,231	24,6
0,231	24,7
0,231	24,6
0,231	24,7
0,231	24,6
0,231	24,3
0,231	24,3
0,232	24,5
0,232	24,4
0,232	24,0
0,232	24,1
0,232	24,2
0,232	24,0
0,232	23,9
0,232	24,2
0,232	24,0
0,234	23,7
0,234	23,8
0,234	23,8
0,234	23,7
0,234	23,6
0,234	23,6
0,234	23,7
0,236	23,5
0,236	23,6
0,236	23,4
0,236	23,1
0,236	23,3
0,236	23,5
0,237	23,4
0,237	23,2
0,237	23,2
0,237	23,1
0,237	22,9
0,239	23,0
0,239	23,0
0,239	22,7
0,239	22,5
0,239	22,4
0,240	22,5
0,240	22,3
0,240	22,3
0,240	22,2
0,242	22,1
0,242	21,9
0,242	21,9
0,242	21,9
0,242	21,8
0,243	21,7
0,243	21,6
0,245	21,4
0,245	21,2
0,247	21,1
0,247	21,0
0,248	20,8
0,248	21,0
0,248	21,1
0,250	20,7
0,250	20,6
0,250	20,7
0,251	20,6
0,251	20,4
0,251	20,4
0,251	20,5
0,251	20,6
0,253	20,3
0,253	20,5
0,253	20,4
0,253	20,3
0,253	20,1
0,253	20,2
0,254	20,2
0,254	20,0
0,254	20,2
0,254	20,2
0,254	20,0
0,256	19,9
0,256	19,9
0,256	20,1
0,258	19,8
0,258	19,7
0,258	19,7
0,258	19,6
0,259	19,5
0,259	19,5
0,259	19,6
0,259	19,3
0,259	19,4
0,261	19,5
0,261	19,4
0,261	19,2
0,261	19,2
0,262	19,5
0,262	19,4
0,262	19,2
0,262	19,3
0,264	19,1
0,264	19,0
0,264	19,1
0,264	19,3
0,265	19,2
0,265	19,0
0,265	18,8
0,265	19,0
0,265	18,7
0,265	18,8
0,267	18,8
0,267	18,7
0,267	18,6
0,269	18,6
0,269	18,6
0,269	18,5
0,269	18,6
0,269	18,6
0,269	18,7
0,269	18,4
0,270	18,4
0,270	18,5
0,270	18,5
0,270	18,4
0,272	18,5
0,272	18,3
0,272	18,2
0,272	18,4
0,273	18,4
0,273	18,4
0,273	18,2
0,273	18,2
0,275	18,2
0,275	18,1
0,275	18,1
0,275	18,2
0,275	18,2
0,276	17,9
0,276	18,0
0,276	17,9
0,276	18,1
0,276	18,0
0,276	18,0
0,276	17,9
0,276	17,7
0,278	17,9
0,278	18,0
0,278	17,9
0,278	17,8
0,278	17,7
0,278	17,8
0,278	17,8
0,280	17,7
0,280	17,7
0,280	17,7
0,280	17,6
0,280	17,5
0,280	17,7
0,280	17,7
0,281	17,6
0,281	17,6
0,281	17,6
0,281	17,4
0,281	17,4
0,281	17,4
0,281	17,5
0,283	17,3
0,283	17,3
0,283	17,4
0,283	17,3
0,283	17,2
0,283	17,4
0,284	17,4
0,284	17,3
0,284	17,2
0,284	17,2
0,284	17,2
0,284	17,1
0,284	17,1
0,284	17,2
0,286	17,0
0,286	17,0
0,286	17,1
0,286	17,2
0,286	16,9
0,286	16,9
0,287	17,0
0,287	17,0
0,287	16,8
0,287	16,9
0,287	16,9
0,287	16,8
0,287	16,7
0,287	16,7
0,289	16,8
0,289	16,6
0,289	16,5
0,289	16,7
0,289	16,6
0,289	16,5
0,291	16,5
0,291	16,5
0,291	16,5
0,291	16,5
0,291	16,5
0,291	16,4
0,291	16,4
0,292	16,3
0,292	16,4
0,292	16,5
0,292	16,3
0,292	16,4
0,294	16,3
0,294	16,2
0,294	16,0
0,294	16,2
0,294	16,2
0,295	16,1
0,295	15,9
0,295	15,9
0,295	15,9
0,295	15,8
0,297	15,9
0,297	15,9
0,297	15,8
0,297	15,5
0,298	15,6
0,298	15,8
0,298	15,7
0,298	15,5
0,300	15,5
0,300	15,5
0,300	15,4
0,300	15,3
0,302	15,3
0,302	15,3
0,303	15,2
0,303	15,0
0,305	15,0
0,305	15,0
0,306	14,7
0,308	14,7
0,308	14,7
0,308	14,7
0,309	14,5
0,309	14,6
0,309	14,5
0,311	14,6
0,311	14,5
0,311	14,5
0,311	14,5
0,313	14,4
0,313	14,3
0,313	14,3
0,313	14,4
0,313	14,3
0,313	14,3
0,313	14,3
0,313	14,2
0,313	14,1
0,313	14,2
0,313	14,3
0,314	14,2
0,314	14,0
0,314	14,1
0,314	14,2
0,314	14,1
0,314	14,0
0,314	14,1
0,314	14,1
0,314	14,1
0,314	14,0
0,314	14,0
0,314	14,1
0,314	14,1
0,316	13,9
0,316	14,0
0,316	14,0
0,316	14,1
0,316	14,0
0,316	14,0
0,316	14,0
0,316	14,0
0,316	14,0
0,316	14,0
0,317	14,0
0,317	13,8
0,317	13,9
0,317	13,9
0,317	14,0
0,317	13,8
0,317	13,9
0,317	13,9
0,319	13,8
0,319	13,6
0,319	13,8
0,319	13,9
0,319	13,8
0,320	13,7
0,320	13,6
0,320	13,8
0,320	13,7
0,320	13,5
0,320	13,6
0,320	13,6
0,320	13,6
0,322	13,6
0,322	13,6
0,322	13,5
0,322	13,5
0,322	13,4
0,324	13,5
0,324	13,6
0,324	13,4
0,324	13,5
0,324	13,5
0,324	13,4
0,324	13,3
0,324	13,5
0,324	13,5
0,324	13,5
0,325	13,3
0,325	13,3
0,325	13,4
0,325	13,4
0,325	13,2
0,325	13,3
0,325	13,4
0,327	13,4
0,327	13,2
0,327	13,3
0,327	13,3
0,327	13,4
0,327	13,3
0,327	13,4
0,327	13,3
0,328	13,4
0,328	13,3
0,328	13,4
0,328	13,4
0,328	13,3
0,330	13,1
0,330	13,2
0,330	13,3
0,330	13,3
0,330	13,3
0,330	13,3
0,330	13,2
0,330	13,2
0,330	13,1
0,331	13,2
0,331	13,2
0,331	13,1
0,331	13,2
0,331	13,3
0,331	13,3
0,333	13,2
0,333	13,2
0,333	13,3
0,333	13,3
0,333	13,1
0,333	13,2
0,333	13,3
0,335	13,3
0,335	13,1
0,335	13,2
0,335	13,3
0,335	13,3
0,336	13,1
0,336	13,2
0,336	13,3
0,336	13,3
0,338	13,1
0,338	13,2
0,339	13,2
0,339	13,3
0,341	13,2
0,341	13,2
0,341	13,2
0,341	13,2
0,341	13,2
0,342	13,3
0,342	13,4
0,342	13,3
0,342	13,3
0,344	13,4
0,344	13,3
0,344	13,4
0,344	13,4
0,346	13,5
0,346	13,5
0,346	13,3
0,347	13,4
0,347	13,6
0,349	13,6
0,349	13,5
0,350	13,6
0,350	13,7
0,350	13,6
0,350	13,6
0,352	13,7
0,352	13,8
0,352	13,8
0,353	13,7
0,353	13,8
0,353	13,9
0,353	13,9
0,355	13,8
0,355	14,0
0,355	14,0
0,355	14,0
0,355	13,9
0,357	14,0
0,357	14,1
0,357	14,1
0,357	14,1
0,357	14,2
0,358	14,2
0,358	14,2
0,358	14,3
0,360	14,5
0,361	14,5
0,361	14,4
0,361	14,6
0,361	14,6
0,363	14,6
0,363	14,4
0,363	14,6
0,363	14,7
0,363	14,7
0,364	14,6
0,364	14,8
0,364	14,9
0,364	14,8
0,366	14,8
0,366	14,9
0,366	14,9
0,366	15,0
0,368	14,9
0,368	15,1
0,368	15,2
0,369	15,1
0,369	15,2
0,369	15,2
0,371	15,3
0,371	15,1
0,371	15,3
0,371	15,4
0,372	15,4
0,372	15,3
0,372	15,4
0,372	15,5
0,374	15,5
0,374	15,5
0,375	15,6
0,375	15,7
0,377	15,7
0,377	15,6
0,377	15,7
0,377	15,8
0,379	15,7
0,379	15,8
0,379	15,9
0,379	15,9
0,380	15,8
0,380	15,9
0,380	16,0
0,380	16,0
0,382	15,9
0,382	16,0
0,382	16,0
0,382	16,1
0,382	16,0
0,383	16,1
0,383	16,1
0,383	16,0
0,383	16,1
0,383	16,1
0,383	16,1
0,383	16,0
0,385	16,1
0,385	16,2
0,385	16,1
0,385	16,1
0,385	16,2
0,385	16,2
0,386	16,1
0,386	16,2
0,386	16,2
0,386	16,2
0,386	16,1
0,388	16,2
0,388	16,3
0,388	16,3
0,388	16,2
0,388	16,3
0,388	16,3
0,390	16,3
0,390	16,3
0,390	16,4
0,390	16,4
0,390	16,3
0,391	16,4
0,391	16,4
0,391	16,4
0,391	16,4
0,393	16,4
0,393	16,4
0,393	16,3
0,393	16,3
0,393	16,4
0,394	16,5
0,394	16,4
0,394	16,3
0,396	16,4
0,396	16,4
0,396	16,3
0,396	16,4
0,396	16,5
0,396	16,5
0,396	16,4
0,396	16,5
0,397	16,5
0,397	16,4
0,397	16,4
0,397	16,4
0,399	16,5
0,399	16,4
0,399	16,4
0,399	16,5
0,399	16,4
0,399	16,4
0,401	16,5
0,401	16,5
0,401	16,5
0,401	16,4
0,401	16,5
0,401	16,5
0,401	16,5
0,401	16,4
0,401	16,5
0,401	16,5
0,401	16,4
0,401	16,4
0,401	16,6
0,401	16,5
0,401	16,3
0,401	16,4
0,401	16,5
0,401	16,5
0,401	16,4
0,401	16,4
0,401	16,5
0,401	16,3
0,401	16,4
0,401	16,5
0,401	16,4
0,401	16,3
0,402	16,5
0,402	16,5
0,402	16,4
0,402	16,4
0,402	16,5
0,402	16,5
0,402	16,4
0,402	16,4
0,402	16,5
0,404	16,5
0,404	16,5
0,404	16,4
0,404	16,5
0,404	16,4
0,404	16,3
0,404	16,4
0,404	16,4
0,404	16,4
0,404	16,4
0,404	16,5
0,404	16,5
0,404	16,5
0,404	16,4
0,404	16,5
0,404	16,5
0,404	16,4
0,405	16,4
0,405	16,5
0,405	16,5
0,405	16,4
0,405	16,5
0,405	16,6
0,405	16,4
0,407	16,3
0,407	16,4
0,407	16,4
0,407	16,3
0,407	16,3
0,408	16,5
0,408	16,4
0,408	16,3
0,408	16,4
0,408	16,4
0,408	16,4
0,408	16,4
0,408	16,4
0,408	16,4
0,408	16,4
0,410	16,4
0,410	16,5
0,410	16,5
0,410	16,3
0,410	16,4
0,410	16,5
0,410	16,4
0,410	16,3
0,410	16,4
0,410	16,5
0,412	16,4
0,412	16,3
0,412	16,4
0,412	16,4
0,412	16,4
0,412	16,3
0,412	16,4
0,412	16,5
0,412	16,4
0,412	16,4
0,413	16,4
0,413	16,4
0,413	16,3
0,413	16,4
0,415	16,5
0,415	16,4
0,415	16,3
0,415	16,4
0,415	16,5
0,415	16,3
0,415	16,4
0,416	16,5
0,416	16,4
0,416	16,4
0,416	16,4
0,416	16,5
0,418	16,4
0,418	16,3
0,419	16,4
0,419	16,4
0,419	16,4
0,419	16,3
0,419	16,4
0,419	16,4
0,419	16,3
0,421	16,3
0,421	16,4
0,421	16,4
0,421	16,2
0,421	16,3
0,421	16,4
0,421	16,4
0,421	16,2
0,421	16,4
0,423	16,4
0,423	16,3
0,423	16,3
0,423	16,4
0,423	16,4
0,423	16,3
0,423	16,3
0,423	16,4
0,423	16,3
0,423	16,3
0,423	16,4
0,424	16,4
0,424	16,3
0,424	16,3
0,424	16,4
0,424	16,4
0,424	16,3
0,426	16,4
0,426	16,4
0,426	16,4
0,426	16,3
0,426	16,4
0,426	16,5
0,426	16,4
0,427	16,3
0,427	16,5
0,427	16,5
0,427	16,4
0,427	16,4
0,427	16,5
0,429	16,4
0,429	16,4
0,429	16,4
0,429	16,5
0,429	16,5
0,429	16,4
0,429	16,4
0,429	16,5
0,429	16,5
0,429	16,4
0,429	16,5
0,430	16,5
0,430	16,5
0,430	16,4
0,430	16,5
0,430	16,6
0,430	16,5
0,430	16,5
0,430	16,5
0,432	16,6
0,432	16,4
0,432	16,6
0,432	16,6
0,432	16,6
0,434	16,6
0,434	16,7
0,434	16,7
0,435	16,7
0,435	16,7
0,435	16,9
0,435	16,9
0,437	16,8
0,437	16,9
0,437	17,0
0,438	17,0
0,438	16,9
0,438	17,1
0,438	17,1
0,440	17,1
0,440	17,1
0,440	17,3
0,440	17,3
0,441	17,2
0,441	17,3
0,441	17,5
0,443	17,6
0,443	17,6
0,445	17,7
0,445	17,8
0,446	17,9
0,446	17,9
0,446	18,2
0,448	18,2
0,448	18,1
0,448	18,3
0,449	18,5
0,449	18,5
0,449	18,5
0,449	18,7
0,451	18,8
0,451	18,8
0,451	18,9
0,452	19,0
0,452	19,1
0,452	19,0
0,452	19,2
0,454	19,4
0,454	19,4
0,454	19,4
0,454	19,7
0,456	19,8
0,456	19,7
0,456	20,0
0,456	20,2
0,457	20,2
0,457	20,2
0,457	20,4
0,457	20,6
0,459	20,7
0,459	20,7
0,459	20,9
0,459	21,0
0,460	20,9
0,460	21,1
0,460	21,2
0,460	21,2
0,460	21,2
0,460	21,4
0,460	21,5
0,462	21,5
0,462	21,6
0,462	21,7
0,462	21,7
0,462	21,8
0,462	22,0
0,463	22,1
0,463	21,9
0,463	22,1
0,463	22,3
0,463	22,3
0,463	22,3
0,465	22,5
0,465	22,5
0,465	22,4
0,465	22,6
0,465	22,7
0,465	22,8
0,465	22,8
0,467	22,9
0,467	23,1
0,467	23,0
0,467	23,2
0,467	23,4
0,468	23,5
0,468	23,5
0,468	23,7
0,468	23,7
0,468	23,7
0,468	23,9
0,470	24,1
0,470	24,1
0,470	24,2
0,470	24,4
0,470	24,5
0,471	24,5
0,471	24,8
0,471	24,9
0,471	25,1
0,471	25,2
0,473	25,4
0,473	25,6
0,473	25,6
0,474	25,6
0,474	25,8
0,474	26,0
0,474	26,1
0,474	26,0
0,474	26,2
0,476	26,4
0,476	26,6
0,476	26,7
0,476	26,8
0,476	27,0
0,478	27,2
0,478	27,3
0,478	27,2
0,478	27,4
0,478	27,6
0,478	27,7
0,478	27,6
0,479	27,8
0,479	28,0
0,479	28,2
0,479	28,2
0,479	28,3
0,481	28,5
0,481	28,6
0,481	28,7
0,481	28,7
0,481	28,9
0,481	29,1
0,481	29,3
0,482	29,2
0,482	29,3
0,482	29,4
0,482	29,6
0,482	29,7
0,482	29,7
0,482	30,0
0,482	30,2
0,484	30,3
0,484	30,3
0,484	30,6
0,484	30,7
0,484	30,8
0,484	30,8
0,485	31,0
0,485	31,2
0,485	31,4
0,485	31,3
0,485	31,4
0,485	31,5
0,485	31,5
0,485	31,4
0,485	31,6
0,485	31,7
0,485	31,8
0,485	31,9
0,485	31,8
0,487	32,0
0,487	32,3
0,487	32,2
0,487	32,2
0,487	32,4
0,487	32,7
0,487	32,9
0,489	32,8
0,489	33,1
0,489	33,4
0,489	33,5
0,490	33,4
0,490	33,8
0,490	34,0
0,490	34,1
0,490	34,0
0,492	34,3
0,492	34,6
0,492	34,9
0,492	34,8
0,493	35,1
0,493	35,2
0,493	35,4
0,493	35,2
0,493	35,3
0,493	35,6
0,493	35,7
0,493	35,5
0,493	35,9
0,495	36,2
0,495	36,4
0,495	36,3
0,496	36,6
0,496	36,9
0,496	37,2
0,496	37,1
0,498	37,4
0,498	37,7
0,498	38,0
0,500	37,9
0,500	38,4
0,501	38,7
0,501	39,0
0,501	38,9
0,501	39,2
0,503	39,4
0,503	39,7
0,503	39,7
0,504	39,9
0,504	40,2
0,504	40,3
0,504	40,1
0,504	40,4
0,504	40,5
0,504	40,5
0,506	40,5
0,506	40,9
0,506	40,9
0,506	41,1
0,506	41,0
0,507	41,2
0,507	41,4
0,507	41,5
0,507	41,5
0,507	41,7
0,509	42,0
0,509	42,0
0,509	42,1
0,509	42,3
0,511	42,4
0,511	42,4
0,511	42,5
0,511	42,6
0,511	42,8
0,511	42,7
0,511	42,7
0,511	42,8
0,512	42,9
0,512	42,8
0,512	43,0
0,512	43,2
0,512	43,2
0,512	43,1
0,512	43,2
0,512	43,3
0,512	43,3
0,512	43,1
0,514	43,4
0,514	43,4
0,514	43,5
0,514	43,4
0,514	43,6
0,514	43,7
0,514	43,8
0,514	43,7
0,514	43,9
0,514	44,0
0,515	44,0
0,515	43,9
0,515	43,9
0,515	44,1
0,515	44,1
0,515	44,2
0,515	44,5
0,515	44,4
0,515	44,4
0,515	44,4
0,515	44,5
0,517	44,6
0,517	44,5
0,517	44,7
0,517	44,7
0,517	44,8
0,517	44,7
0,517	44,8
0,517	45,0
0,517	45,1
0,518	44,9
0,518	45,2
0,518	45,4
0,520	45,5
0,520	45,5
0,520	45,7
0,520	45,7
0,520	45,8
0,522	45,7
0,522	45,9
0,522	46,0
0,522	46,0
0,522	46,1
0,523	46,1
0,523	46,2
0,523	46,2
0,523	46,2
0,523	46,3
0,523	46,4
0,523	46,3
0,523	46,4
0,523	46,6
0,523	46,7
0,525	46,5
0,525	46,6
0,525	46,6
0,525	46,8
0,525	46,6
0,525	46,8
0,525	46,7
0,525	46,7
0,525	46,7
0,525	46,8
0,526	47,0
0,526	46,9
0,526	46,9
0,526	47,0
0,526	47,1
0,526	47,1
0,526	47,1
0,528	47,2
0,528	47,2
0,528	47,1
0,528	47,2
0,528	47,3
0,528	47,3
0,528	47,3
0,528	47,4
0,529	47,5
0,529	47,5
0,529	47,4
0,529	47,5
0,529	47,5
0,529	47,5
0,529	47,5
0,529	47,6
0,529	47,5
0,529	47,5
0,529	47,5
0,529	47,5
0,529	47,5
0,529	47,5
0,529	47,6
0,529	47,7
0,529	47,7
0,531	47,7
0,531	47,8
0,531	47,8
0,531	47,8
0,531	47,7
0,531	47,9
0,531	47,9
0,531	47,8
0,531	47,9
0,531	47,9
0,533	47,9
0,533	47,9
0,533	47,9
0,533	48,0
0,533	48,0
0,533	47,8
0,533	48,0
0,533	48,0
0,533	47,9
0,533	47,9
0,533	48,0
0,533	48,1
0,533	48,1
0,533	48,0
0,534	48,1
0,534	48,1
0,534	48,1
0,534	48,0
0,534	48,1
0,534	48,1
0,534	48,0
0,534	48,1
0,534	48,2
0,534	48,2
0,536	48,1
0,536	48,2
0,536	48,3
0,536	48,2
0,536	48,1
0,536	48,2
0,536	48,2
0,537	48,2
0,537	48,2
0,537	48,2
0,537	48,2
0,537	48,2
0,537	48,2
0,539	48,2
0,539	48,1
0,539	48,1
0,539	48,2
0,539	48,2
0,539	48,2
0,539	48,2
0,539	48,3
0,539	48,1
0,539	48,1
0,539	48,0
0,540	48,1
0,540	48,0
0,540	48,2
0,540	48,0
0,540	48,1
0,540	48,0
0,540	48,0
0,542	48,0
0,542	48,0
0,542	47,9
0,542	47,8
0,543	47,8
0,543	47,7
0,545	47,5
0,545	47,5
0,545	47,5
0,545	47,5
0,545	47,4
0,547	47,3
0,547	47,3
0,547	47,3
0,548	47,1
0,548	47,0
0,550	47,0
0,550	46,9
0,550	46,6
0,550	46,6
0,550	46,7
0,551	46,6
0,551	46,4
0,551	46,3
0,551	46,3
0,551	46,1
0,553	46,0
0,553	46,0
0,553	45,9
0,553	45,7
0,554	45,4
0,554	45,4
0,554	45,3
0,554	45,3
0,554	45,1
0,554	45,3
0,554	45,1
0,556	44,9
0,556	44,8
0,556	44,7
0,556	44,7
0,558	44,3
0,558	44,3
0,558	44,2
0,558	44,1
0,558	44,0
0,559	43,8
0,559	43,8
0,559	43,7
0,559	43,6
0,559	43,5
0,561	43,3
0,561	43,2
0,561	43,1
0,561	43,2
0,561	43,2
0,561	43,1
0,561	43,0
0,561	43,0
0,561	42,9
0,561	42,8
0,562	42,7
0,562	42,7
0,562	42,7
0,562	42,6
0,562	42,5
0,562	42,4
0,562	42,6
0,562	42,2
0,562	42,0
0,564	41,9
0,564	42,0
0,564	41,8
0,564	41,6
0,564	41,7
0,564	41,6
0,564	41,3
0,565	41,2
0,565	41,2
0,565	41,2
0,565	41,0
0,565	40,8
0,565	40,7
0,567	40,7
0,567	40,4
0,567	40,4
0,567	40,3
0,567	40,3
0,567	40,1
0,567	40,0
0,569	40,0
0,569	39,7
0,569	39,6
0,569	39,5
0,569	39,5
0,569	39,4
0,569	39,4
0,569	39,3
0,569	39,2
0,570	39,0
0,570	38,7
0,570	38,8
0,570	38,8
0,570	38,6
0,570	38,4
0,570	38,5
0,570	38,4
0,570	38,4
0,570	38,1
0,572	38,1
0,572	37,9
0,572	37,8
0,572	37,6
0,572	37,6
0,572	37,4
0,573	37,2
0,573	37,0
0,573	36,9
0,573	36,8
0,573	36,5
0,575	35,9
0,575	35,8
0,576	35,8
0,576	35,6
0,576	35,3
0,576	35,3
0,576	35,2
0,576	34,9
0,578	34,5
0,578	34,4
0,580	34,2
0,580	33,8
0,580	33,3
0,581	33,1
0,581	32,9
0,583	32,6
0,583	32,1
0,583	32,0
0,583	31,9
0,584	31,7
0,584	31,5
0,584	31,4
0,584	31,4
0,584	31,4
0,584	31,2
0,584	31,1
0,586	31,0
0,586	30,9
0,586	30,6
0,587	30,4
0,587	30,4
0,587	30,4
0,587	30,3
0,587	30,0
0,587	30,0
0,587	30,0
0,587	29,9
0,589	29,9
0,589	29,7
0,589	29,7
0,589	29,5
0,589	29,3
0,589	29,2
0,591	29,1
0,591	29,0
0,591	28,9
0,591	28,6
0,591	28,5
0,592	28,4
0,592	28,4
0,592	28,2
0,592	28,2
0,592	28,3
0,592	28,1
0,592	28,0
0,592	28,0
0,592	27,9
0,594	27,9
0,594	27,7
0,594	27,5
0,594	27,5
0,594	27,5
0,594	27,4
0,594	27,3
0,594	27,3
0,595	27,3
0,595	27,2
0,595	27,2
0,595	27,0
0,595	26,9
0,595	26,8
0,595	26,8
0,595	26,5
0,597	26,5
0,597	26,4
0,597	26,3
0,597	26,2
0,597	26,1
0,597	26,0
0,597	25,9
0,598	25,8
0,598	25,6
0,598	25,7
0,598	25,7
0,598	25,6
0,598	25,5
0,598	25,4
0,598	25,4
0,600	25,3
0,600	25,1
0,600	25,0
0,600	25,0
0,600	24,8
0,602	24,6
0,602	24,6
0,602	24,6
0,602	24,5
0,602	24,5
0,602	24,5
0,602	24,4
0,602	24,2
0,602	24,3
0,602	24,3
0,603	24,1
0,603	24,0
0,603	23,9
0,603	23,9
0,603	23,7
0,603	23,7
0,605	23,7
0,605	23,5
0,605	23,5
0,605	23,5
0,605	23,4
0,605	23,3
0,605	23,4
0,605	23,4
0,605	23,3
0,605	23,3
0,605	23,3
0,605	23,2
0,605	23,2
0,605	23,3
0,605	23,3
0,605	23,2
0,605	23,1
0,605	23,1
0,605	23,0
0,606	22,8
0,606	22,7
0,606	22,7
0,606	22,5
0,606	22,4
0,608	22,4
0,608	22,3
0,608	22,2
0,608	22,2
0,608	22,2
0,608	22,2
0,608	22,1
0,608	22,2
0,608	22,1
0,608	22,0
0,608	22,1
0,608	22,0
0,608	21,9
0,608	21,9
0,609	22,0
0,609	22,0
0,609	21,8
0,609	21,8
0,609	21,8
0,609	21,8
0,609	21,8
0,609	21,8
0,609	21,7
0,609	21,6
0,609	21,6
0,609	21,7
0,609	21,6
0,609	21,6
0,609	21,5
0,609	21,5
0,609	21,3
0,611	21,4
0,611	21,4
0,611	21,3
0,611	21,3
0,611	21,3
0,611	21,2
0,611	21,1
0,611	21,2
0,611	21,3
0,611	21,0
0,611	20,9
0,611	21,1
0,613	21,1
0,613	20,9
0,613	20,9
0,613	21,1
0,613	21,0
0,613	20,9
0,613	21,1
0,613	21,1
0,613	21,0
0,613	21,2
0,613	21,2
0,613	21,0
0,613	21,0
0,613	21,0
0,613	21,0
0,613	20,8
0,613	20,8
0,613	20,8
0,614	20,8
0,614	20,8
0,614	21,0
0,614	21,1
0,614	20,8
0,614	20,9
0,614	20,9
0,614	20,8
0,614	20,8
0,614	20,8
0,614	20,9
0,614	20,7
0,614	20,8
0,614	20,9
0,614	20,8
0,614	20,8
0,614	20,9
0,614	20,9
0,614	20,8
0,614	20,8
0,614	20,9
0,614	20,9
0,614	20,9
0,614	21,0
0,614	21,1
0,614	21,2
0,614	21,2
0,614	21,3
0,614	21,4
0,614	21,4
0,614	21,5
0,614	21,5
0,614	21,4
0,614	21,4
0,614	21,5
0,614	21,3
0,614	21,2
0,614	21,2
0,614	21,2
0,614	21,2
0,614	21,2
0,614	21,4
0,614	21,4
0,614	21,4
0,614	21,5
0,614	21,6
0,614	21,5
0,614	21,6
0,614	21,6
0,614	21,4
0,614	21,3
0,614	21,4
0,614	21,4
0,614	21,4
0,614	21,4
0,614	21,5
0,614	21,4
0,614	21,3
0,614	21,5
0,614	21,5
0,614	21,4
0,614	21,4
0,614	21,5
0,614	21,4
0,614	21,3
0,614	21,4
0,614	21,5
0,614	21,3
0,614	21,2
0,614	21,3
0,614	21,2
0,614	21,1
0,614	21,2
0,614	21,3
0,614	21,2
0,614	21,2
0,614	21,3
0,614	21,2
0,614	21,0
0,614	21,0
0,614	21,1
0,614	21,1
0,614	21,0
0,614	21,0
0,614	20,9
0,614	20,9
0,614	20,8
0,614	21,0
0,614	21,0
0,614	20,9
0,614	20,8
0,616	20,8
0,616	20,7
0,616	20,7
0,616	20,8
0,616	20,6
0,616	20,6
0,616	20,6
0,616	20,6
0,616	20,5
0,616	20,4
0,616	20,5
0,617	20,3
0,617	20,3
0,617	20,3
0,617	20,2
0,617	20,1
0,617	20,1
0,617	20,1
0,617	20,1
0,617	19,9
0,617	20,0
0,619	20,0
0,619	19,8
0,619	19,8
0,619	19,7
0,619	19,6
0,620	19,4
0,620	19,5
0,620	19,5
0,620	19,4
0,620	19,3
0,620	19,3
0,620	19,2
0,620	19,0
0,622	19,1
0,622	19,0
0,622	18,9
0,622	18,8
0,622	18,8
0,622	18,8
0,622	18,6
0,622	18,7
0,624	18,7
0,624	18,6
0,624	18,4
0,624	18,5
0,624	18,4
0,624	18,3
0,624	18,2
0,625	18,2
0,625	18,1
0,625	18,0
0,625	18,0
0,625	18,0
0,625	17,9
0,625	17,8
0,625	17,8
0,627	17,7
0,627	17,6
0,627	17,6
0,627	17,6
0,627	17,5
0,627	17,4
0,627	17,4
0,628	17,3
0,628	17,3
0,628	17,2
0,628	17,3
0,628	17,2
0,628	17,1
0,630	17,1
0,630	17,2
0,630	17,1
0,630	16,9
0,630	17,0
0,630	17,0
0,631	16,8
0,631	16,8
0,631	16,8
0,631	16,9
0,631	16,7
0,631	16,7
0,631	16,8
0,631	16,7
0,633	16,5
0,633	16,6
0,633	16,5
0,633	16,4
0,635	16,3
0,635	16,3
0,635	16,3
0,636	16,1
0,636	16,1
0,636	16,1
0,636	16,0
0,638	15,9
0,638	15,8
0,638	15,9
0,639	15,8
0,639	15,6
0,639	15,6
0,639	15,6
0,641	15,5
0,641	15,4
0,641	15,4
0,642	15,4
0,642	15,3
0,642	15,3
0,642	15,3
0,642	15,2
0,644	15,1
0,644	15,1
0,646	15,1
0,646	15,0
0,646	14,8
0,646	14,9
0,647	14,9
0,647	14,8
0,647	14,7
0,647	14,7
0,649	14,8
0,649	14,7
0,649	14,6
0,649	14,6
0,649	14,7
0,650	14,6
0,650	14,5
0,650	14,6
0,650	14,5
0,650	14,4
0,652	14,4
0,652	14,5
0,652	14,4
0,652	14,3
0,652	14,3
0,652	14,4
0,653	14,3
0,653	14,2
0,653	14,2
0,653	14,3
0,653	14,2
0,653	14,1
0,655	14,2
0,655	14,2
0,655	14,1
0,655	14,1
0,655	14,1
0,657	14,1
0,657	14,0
0,657	14,0
0,657	14,1
0,657	14,0
0,657	14,0
0,657	14,0
0,657	14,0
0,658	14,0
0,658	13,9
0,658	13,9
0,658	13,9
0,660	13,9
0,660	13,7
0,660	13,8
0,660	13,8
0,661	13,8
0,661	13,6
0,661	13,7
0,661	13,7
0,661	13,7
0,661	13,5
0,663	13,6
0,663	13,6
0,663	13,6
0,664	13,4
0,664	13,5
0,664	13,5
0,664	13,4
0,664	13,3
0,666	13,4
0,666	13,4
0,666	13,3
0,668	13,2
0,668	13,3
0,668	13,3
0,668	13,2
0,668	13,2
0,669	13,2
0,669	13,2
0,669	13,1
0,669	13,1
0,671	13,2
0,671	13,2
0,671	13,1
0,671	13,1
0,671	13,1
0,672	13,1
0,672	13,0
0,672	13,0
0,672	13,1
0,672	13,0
0,672	13,0
0,672	13,0
0,674	13,0
0,674	13,0
0,674	12,9
0,674	12,9
0,674	12,9
0,674	13,0
0,674	12,9
0,674	12,9
0,674	13,0
0,674	13,0
0,674	12,8
0,674	12,9
0,674	12,9
0,674	12,9
0,674	12,8
0,675	12,9
0,675	12,9
0,675	12,9
0,675	12,8
0,675	12,8
0,675	12,9
0,675	12,8
0,675	12,7
0,675	12,8
0,677	12,8
0,677	12,8
0,677	12,7
0,677	12,7
0,677	12,8
0,677	12,7
0,679	12,6
0,679	12,7
0,679	12,7
0,679	12,5
0,679	12,6
0,679	12,7
0,679	12,6
0,679	12,6
0,679	12,7
0,679	12,7
0,679	12,6
0,679	12,6
0,679	12,7
0,679	12,7
0,679	12,5
0,679	12,6
0,679	12,6
0,679	12,6
0,680	12,5
0,680	12,5
0,680	12,5
0,682	12,4
0,682	12,4
0,682	12,4
0,683	12,3
0,683	12,3
0,683	12,4
0,683	12,3
0,685	12,2
0,685	12,3
0,685	12,3
0,685	12,2
0,685	12,3
0,685	12,3
0,685	12,2
0,685	12,3
0,685	12,3
0,685	12,2
0,685	12,3
0,685	12,3
0,685	12,1
0,685	12,3
0,685	12,3
0,685	12,2
0,685	12,2
0,685	12,3
0,685	12,2
0,685	12,2
0,685	12,3
0,685	12,2
0,685	12,1
0,685	12,2
0,685	12,2
0,685	12,1
0,685	12,2
0,685	12,2
0,686	12,0
0,686	12,1
0,686	12,1
0,686	12,0
0,686	12,1
0,686	12,2
0,686	12,1
0,686	12,1
0,686	12,2
0,686	12,1
0,686	12,1
0,686	12,2
0,686	12,2
0,686	12,1
0,686	12,2
0,686	12,1
0,686	12,1
0,686	12,2
0,686	12,1
0,686	12,0
0,686	12,1
0,686	12,1
0,686	11,9
0,686	12,0
0,686	12,0
0,686	12,0
0,688	11,9
0,688	12,0
0,688	11,9
0,688	11,9
0,688	12,0
0,688	11,9
0,688	11,8
0,690	11,9
0,690	11,8
0,690	11,7
0,690	11,8
0,691	11,8
0,691	11,7
0,691	11,7
0,691	11,7
0,691	11,6
0,693	11,6
0,693	11,7
0,693	11,6
0,693	11,7
0,693	11,7
0,693	11,7
0,693	11,6
0,693	11,7
0,693	11,6
0,693	11,6
0,693	11,7
0,693	11,6
0,693	11,5
0,693	11,6
0,693	11,6
0,694	11,4
0,694	11,5
0,694	11,6
0,694	11,4
0,694	11,5
0,694	11,6
0,694	11,5
0,694	11,5
0,694	11,5
0,694	11,5
0,696	11,4
0,696	11,5
0,696	11,5
0,696	11,4
0,696	11,5
0,696	11,5
0,696	11,3
0,696	11,4
0,696	11,4
0,696	11,3
0,696	11,4
0,696	11,4
0,696	11,3
0,696	11,3
0,696	11,4
0,696	11,3
0,697	11,3
0,697	11,3
0,697	11,3
0,697	11,2
0,697	11,3
0,697	11,3
0,697	11,1
0,699	11,2
0,699	11,2
0,699	11,0
0,699	11,1
0,699	11,1
0,701	11,0
0,701	11,0
0,701	11,1
0,701	11,0
0,702	10,9
0,702	11,0
0,702	10,9
0,702	10,8
0,702	10,9
0,704	10,9
0,704	10,8
0,704	10,8
0,704	10,8
0,705	10,7
0,705	10,8
0,705	10,8
0,705	10,7
0,705	10,7
0,705	10,8
0,705	10,7
0,705	10,6
0,707	10,7
0,707	10,6
0,707	10,6
0,708	10,6
0,708	10,6
0,708	10,4
0,708	10,6
0,708	10,6
0,708	10,4
0,708	10,5
0,710	10,5
0,710	10,4
0,710	10,4
0,710	10,5
0,710	10,4
0,710	10,3
0,712	10,4
0,712	10,4
0,712	10,2
0,712	10,3
0,713	10,3
0,713	10,1
0,713	10,2
0,713	10,3
0,713	10,2
0,715	10,2
0,715	10,2
0,715	10,2
0,715	10,1
0,715	10,2
0,715	10,2
0,715	10,0
0,715	10,1
0,715	10,2
0,715	10,1
0,716	10,1
0,716	10,1
0,716	10,0
0,716	10,0
0,718	10,0
0,718	10,0
0,718	9,9
0,718	9,9
0,718	9,9
0,718	9,8
0,718	9,9
0,718	9,9
0,719	9,8
0,719	9,8
0,719	9,9
0,719	9,9
0,719	9,8
0,719	9,9
0,719	9,9
0,719	9,7
0,719	9,8
0,721	9,8
0,721	9,7
0,721	9,7
0,721	9,8
0,721	9,7
0,723	9,6
0,723	9,7
0,723	9,6
0,723	9,5
0,724	9,6
0,724	9,6
0,724	9,4
0,724	9,5
0,726	9,6
0,726	9,5
0,726	9,4
0,727	9,5
0,727	9,4
0,727	9,3
0,729	9,4
0,729	9,4
0,729	9,2
0,729	9,3
0,730	9,3
0,730	9,3
0,730	9,2
0,730	9,3
0,730	9,2
0,730	9,2
0,732	9,2
0,732	9,2
0,732	9,1
0,732	9,2
0,732	9,1
0,734	9,0
0,734	9,1
0,734	9,2
0,734	9,1
0,735	9,1
0,735	9,1
0,735	9,1
0,735	9,0
0,735	9,1
0,737	9,1
0,737	8,9
0,737	9,0
0,737	9,0
0,738	9,0
0,738	8,9
0,740	9,0
0,740	8,9
0,740	8,9
0,740	8,9
0,741	8,9
0,741	8,8
0,741	8,9
0,741	8,9
0,741	8,8
0,743	8,9
0,743	8,9
0,745	8,8
0,745	8,8
0,745	8,9
0,746	8,9
0,746	8,7
0,746	8,9
0,746	8,8
0,746	8,7
0,746	8,8
0,748	8,9
0,748	8,8
0,748	8,8
0,748	8,8
0,748	8,8
0,748	8,7
0,748	8,8
0,749	8,8
0,749	8,7
0,749	8,8
0,749	8,9
0,751	8,7
0,751	8,8
0,751	8,8
0,751	8,8
0,751	8,7
0,752	8,8
0,752	8,9
0,752	8,7
0,754	8,8
0,754	8,9
0,754	8,8
0,754	8,8
0,756	8,9
0,756	8,9
0,756	8,8
0,757	8,9
0,757	8,9
0,757	8,7
0,757	8,9
0,757	8,9
0,757	8,8
0,759	8,8
0,759	8,9
0,759	8,9
0,759	8,8
0,759	8,9
0,759	8,9
0,760	8,8
0,760	9,0
0,760	9,0
0,760	8,8
0,762	8,9
0,762	9,0
0,762	8,9
0,762	8,9
0,762	9,0
0,762	9,0
0,762	8,9
0,762	9,0
0,763	9,0
0,763	8,8
0,763	9,0
0,763	9,0
0,763	9,0
0,763	8,9
0,763	9,1
0,765	9,0
0,765	8,9
0,765	9,1
0,765	9,1
0,767	9,0
0,767	9,1
0,767	9,1
0,767	9,1
0,768	9,1
0,768	9,2
0,768	9,1
0,768	9,1
0,768	9,2
0,768	9,2
0,768	9,1
0,770	9,2
0,770	9,3
0,770	9,2
0,770	9,2
0,770	9,3
0,770	9,2
0,770	9,2
0,770	9,3
0,771	9,3
0,771	9,2
0,771	9,3
0,771	9,3
0,771	9,2
0,771	9,3
0,771	9,4
0,771	9,3
0,771	9,3
0,771	9,3
0,771	9,3
0,773	9,3
0,773	9,4
0,773	9,4
0,773	9,2
0,773	9,4
0,773	9,4
0,773	9,2
0,774	9,4
0,774	9,4
0,774	9,3
0,774	9,3
0,774	9,4
0,774	9,4
0,774	9,3
0,774	9,4
0,774	9,4
0,774	9,3
0,774	9,4
0,774	9,5
0,774	9,4
0,774	9,4
0,774	9,4
0,774	9,4
0,774	9,4
0,774	9,4
0,774	9,4
0,774	9,3
0,774	9,4
0,774	9,4
