Beleuchtungsstärke vs Winkelposition, Messreihe #1
Winkelposition ( rad )	Beleuchtungsstärke ( lux )
-0,002	4,5
-0,002	4,4
-0,002	4,6
-0,002	4,5
-0,002	4,4
-0,002	4,6
0,000	4,6
0,000	4,5
0,000	4,7
0,000	4,6
0,000	4,5
0,000	4,7
0,000	4,7
0,000	4,5
0,000	4,8
0,000	4,7
0,000	4,5
0,000	4,7
0,000	4,7
0,000	4,5
0,000	4,7
0,000	4,6
0,000	4,5
0,000	4,7
0,000	4,6
0,000	4,4
0,000	4,6
0,000	4,5
0,000	4,4
0,000	4,5
0,000	4,5
0,000	4,3
0,000	4,4
0,000	4,4
0,000	4,2
0,000	4,3
0,000	4,3
0,000	4,1
0,000	4,3
0,000	4,3
0,000	4,1
0,000	4,3
0,000	4,3
0,000	4,2
0,000	4,3
0,000	4,3
0,000	4,2
0,000	4,3
0,000	4,3
0,000	4,2
-0,002	4,2
-0,002	4,3
-0,002	4,2
-0,002	4,2
-0,002	4,3
-0,002	4,2
-0,002	4,1
-0,002	4,3
-0,002	4,2
-0,002	4,1
-0,002	4,3
-0,002	4,2
-0,002	4,1
-0,002	4,3
-0,002	4,2
-0,002	4,1
-0,002	4,3
-0,002	4,3
-0,002	4,1
-0,002	4,3
-0,002	4,3
-0,002	4,1
-0,002	4,3
-0,002	4,3
-0,002	4,2
-0,002	4,3
-0,002	4,3
-0,002	4,2
-0,002	4,3
-0,002	4,3
-0,002	4,2
-0,002	4,3
-0,002	4,3
-0,002	4,2
-0,002	4,3
-0,002	4,3
-0,002	4,2
-0,002	4,3
-0,002	4,3
-0,002	4,2
-0,002	4,3
-0,002	4,3
-0,002	4,2
-0,002	4,2
-0,002	4,3
-0,002	4,1
-0,002	4,0
-0,002	4,2
-0,002	4,1
-0,002	4,0
-0,002	4,2
-0,002	4,1
-0,002	4,0
-0,002	4,2
-0,002	4,2
-0,002	4,0
-0,002	4,2
-0,002	4,2
-0,002	4,1
-0,002	4,2
-0,002	4,2
-0,002	4,1
-0,002	4,2
-0,002	4,2
-0,002	4,1
-0,002	4,2
-0,002	4,2
-0,002	4,1
-0,002	4,2
-0,002	4,2
-0,002	4,1
-0,002	4,2
-0,002	4,2
-0,002	4,1
-0,002	4,2
-0,002	4,2
-0,002	4,1
-0,002	4,0
-0,002	4,2
-0,002	4,1
-0,002	4,0
-0,002	4,2
-0,002	4,2
-0,002	4,0
-0,002	4,2
-0,002	4,2
-0,002	4,1
-0,002	4,2
-0,002	4,2
-0,002	4,1
-0,002	4,2
-0,002	4,2
-0,002	4,1
-0,002	4,2
-0,002	4,2
-0,002	4,1
-0,002	4,2
-0,002	4,2
-0,002	4,1
-0,002	4,2
-0,002	4,2
-0,002	4,1
-0,002	4,2
-0,002	4,2
-0,002	4,1
-0,002	4,2
-0,002	4,2
-0,002	4,2
-0,002	4,0
-0,002	4,2
-0,002	4,2
-0,002	4,0
-0,002	4,2
-0,002	4,2
-0,002	4,0
-0,002	4,2
-0,002	4,2
-0,002	4,1
-0,002	4,2
-0,002	4,2
-0,002	4,1
-0,002	4,2
-0,002	4,2
-0,002	4,1
-0,002	4,2
-0,002	4,2
-0,002	4,1
-0,002	4,2
-0,002	4,2
-0,002	4,1
-0,002	4,2
-0,002	4,2
-0,002	4,1
-0,002	4,2
-0,002	4,2
-0,002	4,1
-0,002	4,2
-0,003	4,2
-0,003	4,1
-0,003	4,2
-0,003	4,2
-0,003	4,1
-0,003	4,0
-0,003	4,2
-0,003	4,2
-0,003	4,0
-0,003	4,2
-0,003	4,2
-0,003	4,0
-0,003	4,2
-0,003	4,2
-0,003	4,1
-0,003	4,2
-0,003	4,2
-0,003	4,1
-0,003	4,2
-0,003	4,2
-0,003	4,1
-0,003	4,2
-0,003	4,2
-0,003	4,1
-0,003	4,3
-0,003	4,3
-0,003	4,1
-0,003	4,3
-0,003	4,3
-0,003	4,1
-0,003	4,3
-0,003	4,3
-0,003	4,2
-0,002	4,3
0,000	4,3
0,000	4,2
0,000	4,3
0,000	4,3
0,000	4,2
0,000	4,2
0,000	4,3
0,000	4,2
0,000	4,1
0,000	4,3
0,000	4,2
-0,002	4,1
-0,005	4,3
-0,006	4,2
-0,008	4,1
-0,009	4,3
-0,009	4,2
-0,009	4,1
-0,009	4,3
-0,009	4,2
-0,011	4,1
-0,011	4,3
-0,011	4,2
-0,009	4,1
-0,006	4,3
-0,003	4,3
0,000	4,1
0,002	4,3
0,002	4,3
0,003	4,2
0,005	4,3
0,006	4,3
0,006	4,2
0,006	4,3
0,005	4,3
0,005	4,2
0,005	4,3
0,006	4,3
0,008	4,2
0,019	4,3
0,035	4,3
0,044	4,2
0,036	4,3
0,014	4,3
-0,011	4,2
-0,025	4,0
-0,022	4,3
-0,005	4,2
0,009	4,0
0,009	4,3
-0,003	4,2
-0,020	4,0
-0,025	4,2
-0,022	4,2
-0,011	4,0
-0,003	4,2
-0,005	4,2
-0,008	4,1
-0,011	4,2
-0,005	4,2
0,003	4,1
0,014	4,3
0,019	4,2
0,019	4,1
0,019	4,3
0,017	4,3
0,017	4,1
0,017	4,3
0,017	4,3
0,019	4,1
0,024	4,3
0,031	4,3
0,041	4,2
0,049	4,3
0,057	4,3
0,063	4,2
0,071	4,3
0,080	4,3
0,090	4,2
0,097	4,3
0,104	4,3
0,108	4,2
0,113	4,3
0,116	4,3
0,121	4,2
0,126	4,1
0,130	4,3
0,135	4,2
0,138	4,1
0,140	4,3
0,143	4,2
0,146	4,1
0,149	4,3
0,152	4,2
0,156	4,1
0,157	4,3
0,159	4,2
0,162	4,1
0,163	4,3
0,165	4,2
0,167	4,1
0,170	4,3
0,173	4,3
0,176	4,1
0,178	4,3
0,181	4,3
0,181	4,2
0,181	4,3
0,181	4,3
0,182	4,2
0,184	4,3
0,188	4,3
0,195	4,2
0,203	4,3
0,206	4,3
0,206	4,2
0,206	4,3
0,207	4,3
0,209	4,2
0,212	4,1
0,220	4,3
0,228	4,2
0,237	4,1
0,245	4,3
0,251	4,2
0,256	4,1
0,262	4,3
0,270	4,2
0,283	4,1
0,295	4,3
0,306	4,3
0,313	4,1
0,316	4,3
0,316	4,3
0,317	4,2
0,320	4,4
0,327	4,4
0,333	4,2
0,339	4,4
0,342	4,4
0,346	4,3
0,349	4,4
0,352	4,4
0,355	4,3
0,358	4,4
0,361	4,4
0,363	4,3
0,364	4,4
0,364	4,4
0,364	4,3
0,364	4,4
0,364	4,4
0,363	4,3
0,361	4,4
0,361	4,4
0,361	4,3
0,364	4,4
0,368	4,5
0,369	4,4
0,371	4,3
0,374	4,5
0,382	4,4
0,393	4,3
0,405	4,5
0,415	4,4
0,419	4,2
0,419	4,4
0,419	4,3
0,419	4,2
0,421	4,4
0,426	4,3
0,432	4,2
0,441	4,4
0,448	4,3
0,452	4,1
0,457	4,3
0,462	4,3
0,470	4,1
0,478	4,3
0,485	4,3
0,493	4,1
0,500	4,3
0,504	4,3
0,507	4,1
0,512	4,3
0,517	4,3
0,523	4,2
0,529	4,3
0,534	4,3
0,537	4,2
0,539	4,3
0,542	4,3
0,547	4,2
0,551	4,3
0,556	4,3
0,558	4,3
0,559	4,1
0,561	4,4
0,562	4,3
0,564	4,2
0,567	4,4
0,569	4,3
0,569	4,1
0,569	4,3
0,569	4,2
0,569	4,1
0,570	4,3
0,570	4,3
0,572	4,1
0,575	4,3
0,578	4,3
0,583	4,1
0,587	4,3
0,591	4,2
0,591	4,1
0,591	4,3
0,591	4,2
0,597	4,1
0,608	4,2
0,617	4,2
0,625	4,0
0,630	4,2
0,636	4,1
0,641	4,0
0,649	4,1
0,660	4,1
0,671	4,0
0,680	3,9
0,688	4,2
0,694	4,1
0,697	4,0
0,702	4,2
0,708	4,1
0,715	4,0
0,723	4,2
0,727	4,1
0,730	4,0
0,734	4,2
0,735	4,1
0,740	4,0
0,743	4,2
0,749	4,2
0,757	4,0
0,762	4,2
0,763	4,2
0,763	4,0
0,763	4,2
0,763	4,2
0,763	4,1
0,763	4,2
0,763	4,2
0,763	4,1
0,765	4,2
0,767	4,2
0,768	4,1
0,771	4,2
0,773	4,2
0,778	4,1
0,781	4,2
0,784	4,3
0,787	4,2
0,787	4,1
0,787	4,3
0,787	4,2
0,790	4,1
0,796	4,3
0,804	4,2
0,814	4,1
0,820	4,3
0,826	4,2
0,829	4,1
0,834	4,3
0,842	4,2
0,850	4,1
0,861	4,3
0,870	4,3
0,877	4,1
0,881	4,3
0,884	4,2
0,889	4,1
0,894	4,3
0,900	4,3
0,908	4,2
0,914	4,3
0,919	4,3
0,922	4,2
0,924	4,3
0,927	4,3
0,931	4,2
0,938	4,3
0,944	4,4
0,947	4,3
0,949	4,4
0,949	4,4
0,950	4,3
0,952	4,2
0,952	4,4
0,952	4,3
0,952	4,2
0,952	4,4
0,953	4,3
0,957	4,2
0,960	4,4
0,963	4,4
0,966	4,3
0,969	4,5
0,972	4,4
0,977	4,3
0,982	4,5
0,986	4,5
0,988	4,3
0,990	4,5
0,990	4,5
0,990	4,3
0,994	4,5
1,004	4,4
1,012	4,4
1,018	4,6
1,024	4,5
1,029	4,4
1,034	4,6
1,041	4,5
1,051	4,4
1,059	4,6
1,068	4,5
1,076	4,4
1,081	4,5
1,085	4,5
1,092	4,3
1,100	4,5
1,107	4,4
1,114	4,3
1,118	4,4
1,122	4,4
1,128	4,3
1,134	4,4
1,137	4,4
1,140	4,3
1,142	4,4
1,142	4,4
1,144	4,3
1,145	4,4
1,145	4,4
1,147	4,3
1,147	4,1
1,147	4,4
1,148	4,3
1,150	4,1
1,155	4,4
1,159	4,3
1,162	4,1
1,164	4,4
1,166	4,3
1,170	4,1
1,177	4,3
1,183	4,3
1,186	4,1
1,186	4,3
1,183	4,3
1,181	4,2
1,183	4,3
1,191	4,3
1,202	4,2
1,211	4,4
1,216	4,3
1,219	4,2
1,221	4,4
1,225	4,3
1,232	4,2
1,243	4,4
1,253	4,4
1,263	4,2
1,269	4,4
1,272	4,3
1,277	4,2
1,283	4,3
1,293	4,3
1,302	4,2
1,310	4,3
1,315	4,3
1,318	4,2
1,319	4,3
1,323	4,3
1,330	4,2
1,334	4,1
1,329	4,3
1,321	4,2
1,321	4,1
1,324	4,3
1,326	4,2
1,327	4,1
1,327	4,3
1,326	4,2
1,326	4,1
1,326	4,3
1,318	4,2
1,308	4,1
1,313	4,3
1,324	4,2
1,321	4,1
1,308	4,3
1,301	4,2
1,302	4,1
1,308	4,3
1,319	4,3
1,323	4,1
1,318	4,3
1,310	4,3
1,307	4,1
1,305	4,3
1,307	4,3
1,315	4,1
1,316	4,3
1,318	4,3
1,319	4,2
1,319	4,3
1,321	4,3
1,324	4,2
1,326	4,3
1,324	4,3
1,326	4,2
1,329	4,1
1,332	4,3
1,335	4,2
1,340	4,1
1,343	4,3
1,345	4,2
1,346	4,1
1,346	4,3
1,346	4,2
1,348	4,1
1,351	4,3
1,356	4,2
1,362	4,1
1,367	4,3
1,368	4,3
1,370	4,2
1,371	4,4
1,376	4,3
1,382	4,2
1,393	4,4
1,404	4,4
1,415	4,3
1,422	4,4
1,425	4,4
1,426	4,2
1,429	4,4
1,440	4,4
1,455	4,2
1,470	4,4
1,480	4,3
1,484	4,2
1,486	4,3
1,489	4,3
1,499	4,2
1,508	4,3
1,516	4,3
1,519	4,2
1,521	4,2
1,522	4,4
1,527	4,3
1,532	4,1
1,532	4,4
1,532	4,3
1,530	4,1
1,530	4,4
1,528	4,3
1,528	4,2
1,530	4,4
1,535	4,3
1,541	4,2
1,544	4,4
1,547	4,3
1,550	4,2
1,555	4,4
1,561	4,3
1,566	4,2
1,571	4,4
1,576	4,3
1,579	4,2
1,577	4,4
1,576	4,3
1,580	4,2
1,588	4,4
1,599	4,3
1,610	4,2
1,619	4,4
1,624	4,4
1,626	4,3
1,630	4,4
1,641	4,4
1,657	4,3
1,673	4,5
1,682	4,5
1,687	4,4
1,689	4,5
1,692	4,5
1,698	4,4
1,704	4,5
1,711	4,5
1,714	4,4
1,718	4,3
1,722	4,5
1,725	4,4
1,726	4,3
1,728	4,5
1,728	4,4
1,728	4,3
1,728	4,5
1,728	4,4
1,729	4,3
1,737	4,5
1,745	4,4
1,751	4,3
1,755	4,5
1,755	4,4
1,755	4,3
1,755	4,5
1,758	4,4
1,755	4,3
1,753	4,5
1,756	4,4
1,767	4,3
1,777	4,5
1,784	4,4
1,789	4,3
1,792	4,5
1,795	4,5
1,803	4,3
1,811	4,5
1,819	4,4
1,827	4,3
1,833	4,5
1,838	4,5
1,843	4,3
1,849	4,5
1,855	4,5
1,863	4,4
1,872	4,5
1,880	4,5
1,887	4,4
1,890	4,6
1,893	4,5
1,894	4,4
1,898	4,6
1,901	4,5
1,904	4,4
1,907	4,6
1,909	4,5
1,910	4,4
1,912	4,4
1,915	4,6
1,918	4,5
1,921	4,4
1,924	4,5
1,926	4,4
1,929	4,4
1,931	4,6
1,934	4,5
1,937	4,3
1,942	4,6
1,948	4,5
1,951	4,3
1,954	4,6
1,957	4,5
1,962	4,4
1,963	4,6
1,963	4,5
1,960	4,4
1,960	4,6
1,967	4,5
1,973	4,4
1,982	4,6
1,990	4,5
1,996	4,4
2,000	4,7
2,004	4,6
2,009	4,5
2,017	4,7
2,029	4,6
2,040	4,5
2,048	4,7
2,051	4,6
2,053	4,5
2,056	4,6
2,062	4,5
2,070	4,4
2,078	4,6
2,084	4,5
2,088	4,3
2,092	4,5
2,097	4,5
2,102	4,3
2,108	4,5
2,114	4,4
2,114	4,3
2,114	4,5
2,114	4,4
2,114	4,3
2,114	4,5
2,114	4,4
2,117	4,3
2,124	4,4
2,130	4,4
2,135	4,3
2,135	4,4
2,135	4,4
2,135	4,3
2,135	4,4
2,135	4,4
2,135	4,3
2,125	4,2
2,121	4,4
2,127	4,3
2,138	4,2
2,144	4,4
2,146	4,4
2,152	4,3
2,157	4,5
2,161	4,4
2,169	4,3
2,174	4,5
2,177	4,4
2,179	4,4
2,183	4,6
2,185	4,5
2,191	4,5
2,199	4,7
2,204	4,6
2,209	4,5
2,215	4,7
2,220	4,6
2,224	4,6
2,231	4,8
2,237	4,7
2,243	4,6
2,254	4,8
2,264	4,7
2,275	4,6
2,284	4,8
2,292	4,7
2,298	4,5
2,304	4,7
2,309	4,6
2,312	4,5
2,314	4,7
2,315	4,6
2,315	4,5
2,317	4,7
2,317	4,6
2,317	4,5
2,317	4,7
2,318	4,6
2,320	4,5
2,323	4,7
2,325	4,6
2,326	4,5
2,326	4,7
2,328	4,6
2,333	4,5
2,340	4,6
2,347	4,6
2,350	4,4
2,351	4,6
2,351	4,6
2,351	4,4
2,350	4,6
2,353	4,6
2,364	4,4
2,377	4,6
2,384	4,6
2,391	4,4
2,395	4,6
2,400	4,6
2,405	4,4
2,416	4,6
2,425	4,6
2,435	4,4
2,444	4,6
2,452	4,5
2,458	4,4
2,463	4,5
2,469	4,5
2,474	4,3
2,479	4,5
2,485	4,5
2,490	4,3
2,493	4,5
2,494	4,5
2,496	4,3
2,498	4,5
2,501	4,5
2,505	4,3
2,509	4,5
2,510	4,5
2,512	4,4
2,512	4,3
2,512	4,5
2,515	4,4
2,516	4,3
2,518	4,5
2,521	4,4
2,523	4,3
2,526	4,5
2,529	4,4
2,532	4,3
2,535	4,6
2,538	4,5
2,542	4,4
2,542	4,6
2,543	4,5
2,548	4,4
2,554	4,6
2,562	4,5
2,570	4,4
2,575	4,6
2,579	4,5
2,586	4,3
2,592	4,6
2,601	4,5
2,611	4,4
2,620	4,6
2,628	4,5
2,636	4,4
2,642	4,6
2,648	4,5
2,653	4,4
2,659	4,6
2,664	4,5
2,667	4,4
2,672	4,6
2,677	4,5
2,681	4,4
2,686	4,6
2,691	4,6
2,695	4,4
2,700	4,6
2,702	4,6
2,703	4,4
2,703	4,6
2,703	4,6
2,703	4,4
2,705	4,6
2,705	4,6
2,705	4,4
2,708	4,6
2,711	4,6
2,714	4,4
2,717	4,6
2,721	4,6
2,724	4,4
2,727	4,6
2,733	4,6
2,738	4,4
2,741	4,6
2,741	4,6
2,741	4,5
2,743	4,6
2,750	4,6
2,761	4,5
2,772	4,4
2,779	4,6
2,782	4,5
2,785	4,4
2,788	4,7
2,796	4,6
2,807	4,5
2,818	4,7
2,829	4,6
2,837	4,5
2,843	4,7
2,848	4,6
2,853	4,5
2,859	4,7
2,865	4,6
2,873	4,5
2,878	4,7
2,878	4,6
2,878	4,5
2,878	4,7
2,879	4,6
2,881	4,5
2,884	4,7
2,887	4,6
2,892	4,5
2,895	4,7
2,895	4,6
2,895	4,5
2,895	4,7
2,897	4,6
2,897	4,5
2,900	4,7
2,903	4,6
2,908	4,5
2,911	4,7
2,914	4,6
2,915	4,5
2,915	4,7
2,915	4,6
2,917	4,5
2,922	4,7
2,930	4,6
2,937	4,4
2,945	4,6
2,952	4,5
2,958	4,4
2,961	4,6
2,963	4,6
2,967	4,5
2,974	4,6
2,981	4,6
2,988	4,5
2,994	4,7
2,999	4,7
3,005	4,5
3,013	4,7
3,022	4,7
3,032	4,6
3,039	4,7
3,047	4,7
3,054	4,6
3,058	4,7
3,063	4,7
3,066	4,6
3,069	4,5
3,072	4,7
3,076	4,6
3,077	4,5
3,079	4,7
3,080	4,6
3,082	4,5
3,083	4,7
3,087	4,6
3,090	4,5
3,093	4,7
3,096	4,6
3,098	4,6
3,099	4,8
3,102	4,6
3,105	4,6
3,109	4,8
3,112	4,7
3,113	4,6
3,113	4,8
3,116	4,7
3,118	4,6
3,121	4,8
3,124	4,7
3,131	4,6
3,137	4,8
3,143	4,6
3,149	4,5
3,156	4,7
3,162	4,6
3,168	4,4
3,175	4,6
3,181	4,5
3,187	4,3
3,192	4,5
3,200	4,4
3,208	4,3
3,219	4,5
3,230	4,5
3,239	4,4
3,248	4,6
3,256	4,5
3,263	4,5
3,270	4,7
3,275	4,6
3,278	4,5
3,280	4,7
3,281	4,6
3,283	4,5
3,283	4,7
3,283	4,7
3,283	4,5
3,283	4,7
3,283	4,7
3,285	4,5
3,285	4,7
3,285	4,7
3,286	4,6
3,289	4,8
3,294	4,7
3,299	4,6
3,302	4,8
3,294	4,7
3,275	4,6
3,280	4,7
3,308	4,7
3,336	4,6
3,346	4,7
3,344	4,7
3,335	4,6
3,325	4,7
3,327	4,7
3,338	4,6
3,352	4,7
3,360	4,7
3,363	4,6
3,363	4,5
3,363	4,7
3,368	4,6
3,376	4,5
3,385	4,7
3,393	4,5
3,404	4,4
3,415	4,6
3,426	4,5
3,438	4,4
3,451	4,6
3,459	4,4
3,465	4,4
3,470	4,6
3,473	4,5
3,476	4,4
3,478	4,6
3,479	4,5
3,479	4,4
3,479	4,6
3,481	4,5
3,481	4,4
3,482	4,6
3,484	4,5
3,484	4,4
3,484	4,7
3,484	4,6
3,484	4,5
3,486	4,7
3,487	4,6
3,490	4,5
3,495	4,7
3,501	4,7
3,504	4,6
3,508	4,8
3,512	4,7
3,515	4,6
3,519	4,8
3,523	4,8
3,531	4,7
3,539	4,9
3,547	4,9
3,556	4,7
3,564	5,0
3,569	4,9
3,574	4,8
3,578	5,0
3,585	4,9
3,594	4,8
3,608	5,0
3,622	4,9
3,635	4,8
3,644	5,0
3,652	4,9
3,657	4,8
3,663	4,9
3,668	4,9
3,671	4,7
3,673	4,9
3,673	4,9
3,671	4,8
3,671	4,7
3,671	4,9
3,673	4,8
3,677	4,7
3,684	4,9
3,687	4,8
3,687	4,7
3,684	4,9
3,680	4,8
3,680	4,7
3,685	4,9
3,693	4,8
3,696	4,7
3,699	4,9
3,699	4,7
3,698	4,7
3,698	4,9
3,699	4,7
3,706	4,6
3,713	4,8
3,723	4,7
3,731	4,6
3,737	4,8
3,745	4,6
3,751	4,5
3,757	4,7
3,762	4,6
3,767	4,5
3,768	4,7
3,771	4,6
3,776	4,5
3,786	4,7
3,797	4,6
3,809	4,5
3,822	4,7
3,834	4,6
3,845	4,5
3,856	4,7
3,867	4,6
3,875	4,5
3,878	4,7
3,878	4,6
3,877	4,5
3,877	4,7
3,875	4,6
3,874	4,5
3,875	4,7
3,878	4,6
3,883	4,5
3,889	4,8
3,891	4,7
3,889	4,5
3,886	4,8
3,886	4,7
3,889	4,6
3,892	4,8
3,896	4,7
3,897	4,6
3,897	4,8
3,897	4,7
3,900	4,6
3,903	4,8
3,910	4,8
3,919	4,7
3,932	4,9
3,943	4,8
3,949	4,7
3,952	5,0
3,957	4,9
3,963	4,8
3,973	5,0
3,985	4,9
3,998	4,8
4,007	5,0
4,017	4,8
4,021	4,7
4,026	4,9
4,029	4,8
4,034	4,7
4,040	4,9
4,043	4,8
4,046	4,7
4,048	4,9
4,050	4,8
4,053	4,7
4,059	4,9
4,068	4,8
4,078	4,6
4,086	4,8
4,090	4,8
4,090	4,6
4,089	4,8
4,081	4,8
4,073	4,6
4,070	4,8
4,073	4,8
4,081	4,6
4,089	4,8
4,092	4,8
4,090	4,6
4,090	4,8
4,089	4,8
4,087	4,6
4,093	4,8
4,111	4,7
4,125	4,6
4,128	4,8
4,125	4,7
4,125	4,6
4,126	4,8
4,136	4,7
4,152	4,5
4,163	4,5
4,167	4,7
4,167	4,5
4,167	4,5
4,172	4,6
4,181	4,5
4,197	4,5
4,211	4,6
4,221	4,5
4,227	4,5
4,230	4,6
4,233	4,5
4,240	4,5
4,246	4,7
4,252	4,5
4,255	4,5
4,255	4,7
4,255	4,6
4,255	4,5
4,257	4,7
4,263	4,6
4,271	4,6
4,280	4,8
4,288	4,7
4,290	4,6
4,290	4,8
4,285	4,7
4,282	4,6
4,282	4,8
4,285	4,7
4,288	4,6
4,290	4,8
4,290	4,7
4,290	4,7
4,290	4,9
4,290	4,7
4,291	4,7
4,301	4,9
4,309	4,8
4,313	4,7
4,315	4,9
4,321	4,8
4,328	4,7
4,337	5,0
4,346	4,9
4,353	4,8
4,357	5,0
4,362	5,0
4,365	4,9
4,372	5,1
4,379	5,0
4,389	4,9
4,400	5,1
4,409	5,0
4,419	5,0
4,427	5,2
4,433	5,1
4,438	5,0
4,444	5,2
4,448	5,0
4,453	4,9
4,458	5,1
4,461	5,0
4,463	4,9
4,464	5,1
4,467	5,0
4,472	4,8
4,477	5,0
4,481	4,9
4,483	4,8
4,483	5,0
4,483	4,9
4,483	4,8
4,483	5,0
4,483	4,9
4,483	4,7
4,485	5,0
4,488	4,8
4,489	4,7
4,492	4,9
4,494	4,8
4,497	4,7
4,500	4,9
4,505	4,8
4,513	4,7
4,522	4,9
4,532	4,8
4,541	4,7
4,551	4,9
4,555	4,9
4,560	4,8
4,565	5,0
4,573	5,0
4,584	4,9
4,598	5,1
4,610	5,1
4,621	4,9
4,626	5,2
4,629	5,1
4,632	5,0
4,637	5,2
4,642	5,2
4,646	5,0
4,648	5,2
4,648	5,2
4,648	5,1
4,650	5,1
4,653	5,2
4,657	5,1
4,665	5,4
4,673	5,3
4,683	5,3
4,690	5,5
4,695	5,4
4,694	5,3
4,687	5,5
4,681	5,4
4,678	5,3
4,681	5,5
4,692	5,4
4,700	5,3
4,701	5,5
4,700	5,4
4,698	5,3
4,698	5,5
4,701	5,5
4,705	5,3
4,706	5,5
4,708	5,5
4,711	5,3
4,717	5,5
4,728	5,3
4,739	5,2
4,749	5,3
4,753	5,2
4,758	5,0
4,761	5,2
4,766	5,0
4,774	4,8
4,786	5,0
4,800	4,9
4,814	4,7
4,825	4,9
4,835	4,9
4,843	4,8
4,849	5,1
4,854	5,0
4,860	4,9
4,866	5,2
4,868	5,1
4,868	5,0
4,868	5,2
4,868	5,1
4,868	5,0
4,868	5,2
4,871	5,1
4,877	5,0
4,885	5,2
4,890	5,1
4,890	5,0
4,885	5,2
4,882	5,1
4,884	5,0
4,887	5,2
4,891	5,2
4,895	5,0
4,895	5,3
4,895	5,2
4,895	5,1
4,898	5,3
4,901	5,2
4,907	5,1
4,918	5,3
4,929	5,3
4,939	5,1
4,943	5,3
4,946	5,3
4,950	5,1
4,957	5,4
4,970	5,3
4,984	5,2
4,995	5,4
5,005	5,3
5,011	5,3
5,019	5,5
5,028	5,4
5,039	5,3
5,049	5,5
5,053	5,4
5,055	5,3
5,055	5,5
5,055	5,4
5,055	5,3
5,055	5,5
5,055	5,4
5,058	5,2
5,061	5,4
5,069	5,4
5,078	5,2
5,085	5,4
5,086	5,3
5,082	5,3
5,075	5,5
5,074	5,3
5,078	5,2
5,085	5,4
5,091	5,3
5,093	5,2
5,093	5,4
5,093	5,3
5,093	5,1
5,094	5,4
5,096	5,2
5,099	5,1
5,107	5,2
5,118	5,1
5,130	4,9
5,135	5,1
5,137	5,0
5,138	4,9
5,141	5,1
5,151	4,9
5,165	4,8
5,179	5,0
5,190	4,9
5,196	4,9
5,202	5,1
5,209	5,0
5,221	4,9
5,235	5,2
5,246	5,1
5,251	5,1
5,251	5,3
5,250	5,2
5,248	5,1
5,248	5,3
5,250	5,2
5,250	5,1
5,250	5,3
5,251	5,2
5,256	5,2
5,265	5,4
5,276	5,3
5,286	5,2
5,290	5,4
5,287	5,3
5,281	5,2
5,276	5,4
5,278	5,2
5,287	5,2
5,295	5,4
5,298	5,3
5,298	5,2
5,297	5,4
5,297	5,3
5,300	5,2
5,301	5,4
5,303	5,2
5,306	5,2
5,311	5,3
5,319	5,2
5,328	5,2
5,338	5,3
5,342	5,2
5,345	5,1
5,350	5,3
5,358	5,2
5,371	5,2
5,385	5,4
5,397	5,4
5,405	5,3
5,410	5,5
5,415	5,4
5,422	5,3
5,430	5,5
5,438	5,3
5,443	5,3
5,443	5,5
5,443	5,3
5,443	5,3
5,443	5,4
5,444	5,3
5,448	5,3
5,452	5,4
5,459	5,3
5,468	5,3
5,476	5,5
5,481	5,4
5,482	5,4
5,477	5,5
5,473	5,4
5,471	5,3
5,476	5,5
5,484	5,3
5,487	5,6
5,488	5,5
5,485	5,4
5,485	5,6
5,487	5,5
5,490	5,4
5,493	5,6
5,496	5,5
5,499	5,5
5,504	5,7
5,510	5,6
5,517	5,6
5,524	5,9
5,532	5,7
5,539	5,6
5,545	5,8
5,550	5,6
5,556	5,5
5,564	5,7
5,573	5,5
5,584	5,3
5,594	5,5
5,603	5,3
5,611	5,1
5,620	5,3
5,631	5,1
5,641	5,0
5,649	5,2
5,650	5,1
5,650	5,0
5,650	5,2
5,653	5,1
5,656	5,0
5,658	5,3
5,660	5,1
5,661	5,1
5,664	5,3
5,667	5,2
5,671	5,1
5,672	5,3
5,672	5,2
5,674	5,2
5,674	5,4
5,675	5,3
5,675	5,2
5,677	5,4
5,678	5,3
5,680	5,2
5,682	5,4
5,683	5,3
5,685	5,2
5,686	5,4
5,688	5,3
5,689	5,2
5,693	5,4
5,700	5,2
5,710	5,2
5,721	5,3
5,729	5,2
5,735	5,1
5,740	5,3
5,746	5,2
5,754	5,1
5,766	5,4
5,781	5,3
5,792	5,3
5,798	5,4
5,804	5,4
5,809	5,3
5,817	5,5
5,825	5,4
5,831	5,3
5,834	5,5
5,837	5,4
5,839	5,3
5,842	5,5
5,847	5,4
5,854	5,3
5,861	5,5
5,867	5,3
5,870	5,3
5,870	5,5
5,870	5,3
5,868	5,3
5,867	5,4
5,867	5,3
5,870	5,2
5,873	5,4
5,875	5,2
5,876	5,2
5,876	5,3
5,878	5,2
5,879	5,1
5,883	5,3
5,886	5,1
5,887	5,1
5,890	5,2
5,892	5,1
5,894	5,1
5,897	5,2
5,901	5,1
5,909	5,1
5,919	5,2
5,928	5,1
5,938	5,1
5,942	5,3
5,949	5,2
5,956	5,2
5,966	5,4
5,978	5,4
5,991	5,4
6,000	5,5
6,007	5,4
6,011	5,4
6,016	5,5
6,022	5,5
6,027	5,5
6,030	5,6
6,032	5,5
6,033	5,5
6,035	5,6
6,037	5,5
6,041	5,5
6,048	5,6
6,055	5,5
6,063	5,7
6,068	5,7
6,070	5,5
6,070	5,7
6,070	5,6
6,070	5,5
6,070	5,8
6,071	5,7
6,074	5,6
6,077	5,8
6,079	5,7
6,079	5,6
6,079	5,8
6,074	5,7
6,070	5,6
6,074	5,8
6,084	5,7
6,093	5,6
6,098	5,8
6,104	5,6
6,112	5,6
6,118	5,7
6,126	5,6
6,132	5,5
6,140	5,7
6,150	5,5
6,159	5,5
6,167	5,7
6,175	5,6
6,181	5,6
6,191	5,8
6,202	5,8
6,214	5,7
6,223	5,9
6,230	5,8
6,230	5,8
6,228	5,9
6,227	5,8
6,227	5,8
6,228	5,9
6,230	5,8
6,233	5,8
6,239	5,9
6,245	5,8
6,252	5,8
6,256	5,9
6,258	5,8
6,258	5,8
6,258	5,9
6,261	5,7
6,264	5,8
6,269	5,8
6,275	5,7
6,277	5,7
6,278	5,8
6,278	5,7
6,282	5,9
6,288	5,8
6,291	5,7
6,291	5,9
6,291	5,8
6,293	5,7
6,294	5,9
6,296	5,8
6,305	5,7
6,316	5,9
6,326	5,8
6,333	5,7
6,337	5,8
6,341	5,7
6,349	5,6
6,362	5,7
6,376	5,6
6,390	5,5
6,401	5,7
6,407	5,5
6,410	5,4
6,414	5,6
6,420	5,5
6,428	5,4
6,429	5,6
6,429	5,5
6,429	5,4
6,428	5,6
6,428	5,5
6,428	5,4
6,428	5,6
6,428	5,5
6,432	5,5
6,442	5,7
6,454	5,5
6,465	5,5
6,470	5,7
6,470	5,5
6,467	5,5
6,465	5,6
6,467	5,5
6,470	5,5
6,472	5,6
6,472	5,5
6,472	5,5
6,473	5,6
6,475	5,5
6,475	5,5
6,475	5,6
6,475	5,5
6,478	5,5
6,484	5,6
6,492	5,6
6,500	5,6
6,506	5,8
6,513	5,7
6,519	5,7
6,525	5,8
6,535	5,7
6,544	5,8
6,552	5,9
6,558	5,8
6,564	5,9
6,574	6,0
6,585	5,9
6,600	5,8
6,615	5,8
6,627	5,7
6,640	5,9
6,651	5,7
6,659	5,6
6,659	5,8
6,651	5,7
6,640	5,6
6,633	5,8
6,632	5,7
6,637	5,6
6,644	5,8
6,649	5,7
6,654	5,6
6,655	5,8
6,655	5,7
6,657	5,6
6,659	5,8
6,665	5,7
6,671	5,5
6,674	5,8
6,677	5,7
6,679	5,5
6,682	5,7
6,685	5,6
6,688	5,6
6,690	5,8
6,690	5,6
6,692	5,6
6,693	5,8
6,696	5,6
6,701	5,5
6,707	5,8
6,717	5,6
6,726	5,5
6,732	5,7
6,740	5,6
6,747	5,5
6,758	5,7
6,769	5,7
6,781	5,7
6,792	5,9
6,803	5,8
6,811	5,9
6,819	6,0
6,827	6,0
6,833	6,0
6,835	6,2
6,833	6,0
6,825	5,9
6,820	6,1
6,817	5,9
6,820	6,0
6,831	6,2
6,844	6,1
6,850	6,1
6,850	6,3
6,842	6,1
6,835	6,1
6,833	6,3
6,842	6,2
6,858	6,1
6,871	6,3
6,875	6,1
6,874	6,0
6,871	6,1
6,871	6,1
6,879	6,0
6,885	6,0
6,890	6,1
6,891	6,0
6,890	6,0
6,890	6,1
6,896	6,0
6,904	5,9
6,908	6,0
6,912	5,9
6,915	5,8
6,919	5,9
6,926	5,7
6,935	5,7
6,946	5,8
6,954	5,6
6,962	5,7
6,966	5,7
6,974	5,7
6,982	5,7
6,990	5,8
6,996	5,6
7,001	5,9
7,003	5,8
7,003	5,6
7,003	5,9
7,004	5,8
7,004	5,6
7,006	5,9
7,009	5,8
7,012	5,7
7,018	5,9
7,026	5,8
7,034	5,8
7,039	6,0
7,040	5,9
7,040	5,8
7,040	6,0
7,043	5,9
7,048	5,8
7,054	6,0
7,059	5,9
7,061	5,8
7,061	6,0
7,061	5,9
7,061	5,8
7,062	6,0
7,064	5,9
7,067	5,9
7,069	6,0
7,072	5,9
7,072	5,9
7,075	6,0
7,078	5,9
7,086	5,9
7,095	6,1
7,105	6,0
7,113	6,1
7,116	6,2
7,119	6,2
7,124	6,1
7,133	6,3
7,146	6,2
7,158	6,1
7,168	6,3
7,174	6,2
7,179	6,0
7,182	6,2
7,186	6,1
7,191	6,0
7,194	6,1
7,196	6,1
7,197	6,0
7,197	6,0
7,197	6,0
7,199	5,9
7,202	5,9
7,207	5,9
7,213	5,8
7,221	6,0
7,224	5,8
7,226	5,6
7,227	5,8
7,229	5,6
7,234	5,5
7,240	5,7
7,245	5,6
7,246	5,4
7,246	5,6
7,246	5,5
7,246	5,4
7,246	5,6
7,243	5,5
7,238	5,4
7,240	5,6
7,246	5,4
7,252	5,4
7,254	5,6
7,256	5,4
7,259	5,4
7,265	5,6
7,271	5,5
7,274	5,5
7,274	5,7
7,276	5,6
7,281	5,6
7,285	5,9
7,292	5,8
7,298	5,9
7,303	6,1
7,306	6,2
7,310	6,2
7,317	6,5
7,323	6,4
7,331	6,5
7,336	6,6
7,340	6,8
7,345	6,8
7,350	6,8
7,354	7,1
7,361	7,0
7,367	6,9
7,372	6,9
7,373	7,0
7,375	6,9
7,376	6,8
7,380	7,1
7,383	6,9
7,386	6,8
7,389	6,8
7,394	6,9
7,397	6,7
7,402	6,5
7,406	6,7
7,409	6,6
7,411	6,5
7,413	6,5
7,414	6,6
7,416	6,5
7,419	6,4
7,422	6,6
7,425	6,5
7,428	6,4
7,430	6,4
7,430	6,6
7,430	6,4
7,431	6,4
7,433	6,4
7,436	6,5
7,438	6,4
7,439	6,4
7,439	6,5
7,439	6,4
7,439	6,3
7,439	6,3
7,446	6,4
7,457	6,2
7,463	6,2
7,463	6,4
7,463	6,2
7,463	6,3
7,463	6,4
7,468	6,3
7,474	6,2
7,480	6,3
7,486	6,4
7,493	6,3
7,496	6,3
7,499	6,5
7,504	6,3
7,513	6,3
7,524	6,4
7,532	6,4
7,538	6,4
7,541	6,4
7,545	6,6
7,552	6,5
7,560	6,5
7,570	6,7
7,579	6,7
7,585	6,7
7,587	6,7
7,585	6,9
7,581	6,7
7,578	6,7
7,578	6,7
7,579	6,8
7,585	6,8
7,589	6,7
7,595	6,9
7,603	6,8
7,612	6,8
7,622	6,8
7,625	6,9
7,625	6,8
7,623	6,7
7,623	6,8
7,628	6,7
7,633	6,7
7,636	6,7
7,637	6,8
7,637	6,7
7,637	6,7
7,639	6,9
7,642	6,8
7,643	6,7
7,647	6,7
7,647	6,8
7,648	6,7
7,648	6,6
7,650	6,8
7,654	6,7
7,662	6,6
7,670	6,6
7,676	6,7
7,680	6,6
7,683	6,6
7,686	6,8
7,694	6,7
7,703	6,6
7,713	6,6
7,719	6,7
7,724	6,7
7,728	6,7
7,736	6,9
7,746	6,8
7,757	6,8
7,766	7,0
7,772	7,1
7,774	7,0
7,775	7,1
7,777	7,2
7,779	7,1
7,780	7,1
7,782	7,1
7,782	7,2
7,783	7,1
7,786	7,1
7,793	7,3
7,801	7,2
7,808	7,2
7,813	7,3
7,815	7,3
7,815	7,2
7,813	7,2
7,815	7,4
7,819	7,3
7,824	7,2
7,829	7,2
7,830	7,3
7,832	7,2
7,832	7,2
7,834	7,3
7,838	7,1
7,841	7,1
7,843	7,1
7,843	7,1
7,840	7,0
7,837	7,0
7,841	7,1
7,851	7,0
7,860	6,9
7,863	6,9
7,863	6,9
7,863	6,8
7,867	6,8
7,876	6,9
7,889	6,7
7,900	6,6
7,906	6,6
7,907	6,5
7,911	6,5
7,915	6,5
7,926	6,6
7,939	6,3
7,951	6,2
7,961	6,2
7,967	6,1
7,970	6,1
7,972	6,1
7,977	6,1
7,980	6,1
7,978	6,1
7,977	6,1
7,973	6,1
7,975	6,1
7,978	6,2
7,983	6,1
7,991	6,3
8,000	6,4
8,008	6,4
8,011	6,4
8,009	6,5
8,006	6,5
8,006	6,5
8,011	6,6
8,019	6,8
8,027	6,7
8,030	6,7
8,030	6,8
8,028	6,9
8,028	6,8
8,030	6,9
8,031	7,1
8,031	7,0
8,031	7,0
8,031	7,1
8,031	7,1
8,035	7,1
8,038	7,1
8,044	7,3
8,052	7,2
8,057	7,2
8,061	7,2
8,066	7,2
8,074	7,1
8,083	7,0
8,091	7,1
8,096	6,9
8,101	6,9
8,104	6,9
8,112	6,9
8,121	6,8
8,132	6,8
8,140	6,9
8,146	6,7
8,149	6,7
8,152	6,8
8,157	6,7
8,160	6,7
8,163	6,7
8,167	6,8
8,170	6,7
8,173	6,7
8,178	6,7
8,187	6,8
8,196	6,7
8,207	6,7
8,212	6,8
8,212	6,8
8,209	6,7
8,206	6,8
8,207	6,8
8,211	6,7
8,215	6,8
8,217	6,9
8,222	6,8
8,225	6,7
8,225	6,7
8,222	6,7
8,218	6,6
8,220	6,6
8,222	6,8
8,223	6,7
8,225	6,5
8,231	6,5
8,237	6,6
8,242	6,5
8,244	6,5
8,245	6,6
8,250	6,5
8,258	6,4
8,269	6,5
8,278	6,6
8,283	6,5
8,284	6,5
8,284	6,6
8,291	6,6
8,300	6,6
8,314	6,7
8,325	6,8
8,332	6,8
8,336	6,8
8,339	7,0
8,344	7,0
8,350	6,9
8,357	7,0
8,361	7,1
8,366	7,0
8,371	6,9
8,377	7,0
8,385	6,9
8,390	6,8
8,391	6,8
8,390	7,0
8,388	7,0
8,390	6,9
8,394	7,0
8,402	6,9
8,407	6,8
8,410	6,9
8,410	7,0
8,410	6,9
8,412	6,8
8,416	6,8
8,419	6,8
8,423	6,7
8,424	6,7
8,423	6,8
8,423	6,7
8,421	6,6
8,424	6,7
8,429	6,7
8,437	6,6
8,441	6,6
8,441	6,7
8,441	6,6
8,446	6,5
8,456	6,6
8,470	6,6
8,481	6,5
8,489	6,6
8,489	6,7
8,489	6,7
8,493	6,7
8,504	6,8
8,520	6,9
8,533	6,8
8,542	6,9
8,547	7,0
8,548	6,9
8,551	6,9
8,558	7,0
8,562	7,1
8,566	7,0
8,570	7,0
8,573	7,0
8,580	7,0
8,584	6,9
8,588	6,9
8,591	7,0
8,594	6,8
8,597	6,9
8,600	7,0
8,605	6,9
8,608	6,9
8,611	6,9
8,613	7,0
8,614	7,0
8,614	7,2
8,614	7,3
8,613	7,1
8,610	7,0
8,608	7,1
8,608	7,1
8,611	7,2
8,619	7,2
8,627	7,4
8,635	7,3
8,638	7,3
8,638	7,4
8,641	7,4
8,649	7,5
8,660	7,6
8,671	7,7
8,680	7,7
8,683	7,7
8,683	7,9
8,683	7,8
8,690	7,7
8,699	7,7
8,710	7,7
8,721	7,5
8,729	7,4
8,735	7,5
8,743	7,3
8,752	7,2
8,763	7,3
8,771	7,3
8,774	7,2
8,774	7,3
8,776	7,4
8,779	7,3
8,781	7,3
8,782	7,4
8,782	7,3
8,782	7,3
8,782	7,4
8,784	7,5
8,787	7,3
8,790	7,3
8,790	7,5
8,790	7,5
8,792	7,5
8,795	7,6
8,801	7,6
8,804	7,5
8,807	7,6
8,807	7,8
8,807	7,6
8,807	7,6
8,807	7,8
8,807	7,8
8,807	7,7
8,809	7,7
8,812	7,9
8,815	7,8
8,820	7,8
8,823	7,9
8,828	7,8
8,833	7,9
8,840	8,0
8,848	8,0
8,856	7,9
8,859	7,9
8,864	8,0
8,869	7,9
8,877	7,8
8,888	7,9
8,899	7,8
8,908	7,7
8,916	7,8
8,925	7,9
8,936	7,8
8,944	7,8
8,949	8,0
8,949	8,0
8,949	7,9
8,949	8,1
8,950	8,1
8,950	8,0
8,950	8,1
8,954	8,2
8,963	8,3
8,976	8,3
8,988	8,5
8,991	8,5
8,990	8,4
8,983	8,5
8,980	8,7
8,983	8,6
8,993	8,6
9,001	8,8
9,002	8,7
8,999	8,7
8,993	8,7
8,990	8,8
8,990	8,7
8,993	8,7
8,998	8,7
9,001	8,7
9,002	8,7
9,004	8,8
9,005	8,7
9,009	8,7
9,012	8,8
9,018	8,8
9,023	8,8
9,029	8,8
9,037	8,7
9,043	8,7
9,049	8,7
9,056	8,8
9,062	8,6
9,070	8,5
9,081	8,5
9,092	8,3
9,101	8,2
9,107	8,2
9,114	8,1
9,120	8,0
9,125	8,1
9,126	8,2
9,126	8,1
9,125	8,1
9,125	8,3
9,128	8,2
9,136	8,2
9,144	8,5
9,150	8,6
9,156	8,6
9,161	8,7
9,166	8,9
9,169	8,9
9,169	8,9
9,169	9,0
9,169	9,0
9,170	9,0
9,173	9,2
9,178	9,2
9,183	9,2
9,184	9,4
9,184	9,5
9,184	9,4
9,186	9,5
9,186	9,6
9,186	9,5
9,186	9,5
9,186	9,7
9,188	9,6
9,189	9,6
9,192	9,7
9,195	9,8
9,197	9,8
9,197	9,8
9,200	10,0
9,203	10,0
9,208	10,0
9,213	10,2
9,217	10,2
9,221	10,3
9,225	10,5
9,232	10,5
9,239	10,5
9,249	10,6
9,258	10,7
9,266	10,6
9,274	10,6
9,280	10,6
9,287	10,4
9,294	10,4
9,301	10,4
9,307	10,3
9,310	10,3
9,310	10,4
9,312	10,4
9,312	10,2
9,313	10,4
9,316	10,4
9,320	10,2
9,326	10,2
9,335	10,3
9,346	10,2
9,359	10,4
9,368	10,6
9,370	10,6
9,368	10,6
9,365	10,8
9,365	10,8
9,373	10,9
9,379	11,1
9,381	11,1
9,379	11,1
9,375	11,1
9,373	11,3
9,373	11,1
9,375	11,1
9,376	11,3
9,376	11,2
9,378	11,2
9,382	11,3
9,387	11,2
9,392	11,1
9,393	11,2
9,395	11,2
9,395	11,1
9,397	11,1
9,401	11,1
9,406	10,9
9,411	10,9
9,414	10,9
9,417	10,7
9,422	10,7
9,431	10,7
9,440	10,5
9,450	10,4
9,458	10,4
9,464	10,2
9,470	10,1
9,477	10,1
9,484	10,0
9,492	9,9
9,499	10,0
9,500	10,0
9,500	9,9
9,502	10,0
9,505	10,1
9,508	9,9
9,513	9,9
9,521	10,0
9,527	9,9
9,536	9,9
9,543	10,0
9,547	9,9
9,549	9,7
9,546	9,8
9,543	10,0
9,541	9,9
9,544	9,9
9,554	9,9
9,563	9,7
9,566	9,6
9,568	9,7
9,568	9,6
9,568	9,6
9,569	9,6
9,569	9,6
9,569	9,6
9,569	9,6
9,569	9,6
9,569	9,5
9,569	9,5
9,569	9,5
9,572	9,4
9,576	9,3
9,580	9,3
9,583	9,2
9,587	9,1
9,590	9,0
9,593	9,0
9,598	8,9
9,602	8,9
9,607	8,9
9,612	8,7
9,616	8,7
9,623	8,6
9,631	8,5
9,638	8,4
9,643	8,4
9,648	8,4
9,653	8,4
9,659	8,6
9,667	8,8
9,673	8,9
9,679	9,0
9,681	9,2
9,682	9,2
9,686	9,3
9,689	9,7
9,695	9,7
9,701	9,8
9,711	10,1
9,719	10,4
9,728	10,4
9,737	10,7
9,747	10,8
9,752	10,8
9,753	10,8
9,748	10,8
9,742	10,6
9,742	10,8
9,747	10,9
9,758	10,8
9,764	10,5
9,766	10,5
9,761	10,5
9,758	10,3
9,758	10,4
9,761	10,5
9,763	10,3
9,763	10,3
9,761	10,5
9,761	10,3
9,761	10,3
9,764	10,3
9,766	10,2
9,767	10,0
9,767	10,1
9,770	9,9
9,773	9,8
9,778	9,8
9,784	9,9
9,789	9,6
9,792	9,6
9,799	9,6
9,806	9,4
9,816	9,4
9,825	9,4
9,833	9,4
9,843	9,4
9,849	9,7
9,857	9,7
9,868	9,7
9,879	9,9
9,890	10,1
9,898	9,9
9,901	10,0
9,899	10,1
9,899	9,9
9,899	10,0
9,898	10,1
9,896	9,9
9,894	10,0
9,896	10,0
9,902	10,0
9,912	9,8
9,921	9,8
9,929	10,0
9,935	9,8
9,937	10,0
9,938	10,0
9,938	9,9
9,940	10,0
9,942	10,1
9,945	10,1
9,951	10,2
9,956	10,2
9,957	10,3
9,956	10,3
9,954	10,4
9,954	10,3
9,954	10,1
9,954	10,2
9,953	10,3
9,946	10,1
9,946	10,3
9,953	10,3
9,964	10,3
9,965	10,3
9,965	10,4
9,967	10,3
9,970	10,2
9,973	10,3
9,973	10,4
9,971	10,2
9,965	10,2
9,964	10,3
9,967	10,1
9,975	10,1
9,984	10,1
9,992	10,0
9,995	9,8
9,998	9,7
10,004	9,8
10,015	9,4
10,028	9,2
10,041	9,3
10,050	9,1
10,055	9,0
10,059	9,4
10,069	9,4
10,086	9,7
10,102	10,1
10,110	10,2
10,110	10,4
10,105	10,4
10,103	10,7
10,103	10,4
10,105	10,4
10,105	10,6
10,105	10,7
10,108	11,0
10,116	11,4
10,124	11,3
10,133	11,5
10,139	11,9
10,143	12,1
10,146	12,4
10,149	12,6
10,154	13,0
10,160	12,9
10,163	12,7
10,163	12,8
10,161	13,1
10,161	12,7
10,161	12,9
10,161	12,9
10,160	13,2
10,158	12,8
10,157	12,7
10,157	12,9
10,158	13,0
10,160	12,7
10,161	13,0
10,165	13,1
10,166	13,0
10,169	12,9
10,172	13,3
10,176	13,5
10,182	13,3
10,185	13,6
10,188	13,5
10,190	13,7
10,193	13,8
10,201	13,8
10,210	14,1
10,221	14,6
10,231	14,6
10,237	14,6
10,240	14,5
10,245	14,6
10,249	14,2
10,257	14,4
10,265	14,3
10,271	14,1
10,276	13,7
10,279	13,6
10,281	13,7
10,284	13,6
10,289	13,3
10,295	13,3
10,301	13,1
10,308	13,1
10,314	12,7
10,320	12,6
10,325	12,7
10,328	12,6
10,328	12,4
10,328	12,3
10,328	12,4
10,331	12,2
10,337	12,1
10,345	12,1
10,350	11,9
10,353	11,7
10,355	11,8
10,355	11,4
10,355	11,3
10,356	11,4
10,356	11,4
10,356	11,3
10,356	11,5
10,356	11,4
10,355	11,2
10,355	11,3
10,355	11,4
10,355	11,1
10,358	11,3
10,361	11,5
10,366	11,1
10,370	11,3
10,374	11,4
10,378	11,3
10,383	11,3
10,389	11,6
10,394	11,5
10,399	11,6
10,403	11,8
10,408	11,7
10,416	11,8
10,427	12,2
10,438	12,8
10,447	12,9
10,455	13,5
10,462	14,1
10,471	14,7
10,483	14,6
10,498	14,9
10,504	14,8
10,504	14,9
10,501	15,1
10,499	15,0
10,499	15,3
10,499	15,1
10,501	14,8
10,504	15,2
10,512	15,5
10,521	15,1
10,531	15,2
10,534	15,4
10,532	15,3
10,529	15,1
10,527	15,0
10,531	15,2
10,538	15,2
10,546	14,9
10,551	14,7
10,551	14,7
10,549	14,5
10,548	14,4
10,549	14,5
10,551	14,6
10,551	14,6
10,551	14,4
10,551	14,5
10,551	14,5
10,553	14,5
10,554	14,3
10,556	14,4
10,559	14,7
10,560	14,2
10,560	14,3
10,560	14,5
10,560	14,4
10,560	14,4
10,560	14,4
10,562	14,5
10,565	14,4
10,573	14,4
10,581	14,3
10,589	14,5
10,593	14,3
10,600	14,4
10,608	14,6
10,615	15,0
10,623	14,9
10,630	15,1
10,633	15,5
10,637	15,8
10,644	15,7
10,652	15,9
10,661	16,0
10,670	16,2
10,677	16,0
10,680	16,0
10,685	16,1
10,689	16,0
10,696	15,9
10,702	16,0
10,707	16,0
10,710	15,8
10,713	15,7
10,716	15,8
10,719	15,8
10,722	15,5
10,722	15,5
10,722	15,6
10,725	15,6
10,733	15,4
10,743	15,5
10,751	15,7
10,754	15,5
10,754	15,6
10,754	15,7
10,754	15,8
10,755	15,6
10,755	15,6
10,755	15,7
10,754	15,8
10,751	15,6
10,749	15,6
10,747	15,7
10,749	15,8
10,754	15,6
10,757	15,7
10,760	15,8
10,760	15,6
10,760	15,6
10,762	15,7
10,766	15,8
10,773	15,6
10,780	15,7
10,787	15,9
10,793	16,1
10,798	15,9
10,804	16,1
10,812	16,3
10,821	16,4
10,831	16,2
10,838	16,2
10,846	16,1
10,854	15,8
10,860	15,6
10,868	15,6
10,876	15,7
10,881	15,3
10,884	15,2
10,886	15,2
10,889	15,3
10,892	15,0
10,897	14,9
10,903	15,0
10,909	15,0
10,914	14,8
10,917	14,9
10,919	14,9
10,920	15,0
10,922	14,7
10,926	14,8
10,931	15,0
10,937	14,6
10,941	14,7
10,942	14,9
10,944	15,1
10,945	14,9
10,948	15,1
10,952	15,2
10,952	15,4
10,952	15,2
10,950	15,4
10,950	15,6
10,948	15,6
10,947	15,4
10,945	15,5
10,944	15,6
10,944	15,5
10,945	15,7
10,952	16,1
10,961	16,4
10,969	16,3
10,974	16,5
10,975	16,9
10,977	17,1
10,981	17,0
10,994	17,1
11,007	17,4
11,018	17,2
11,024	17,2
11,025	17,6
11,029	17,7
11,035	17,5
11,043	17,6
11,052	17,8
11,057	18,0
11,058	17,8
11,058	17,9
11,060	18,1
11,063	17,8
11,068	17,9
11,074	18,1
11,080	18,4
11,087	18,3
11,096	18,5
11,106	18,7
11,115	18,7
11,123	18,9
11,128	19,1
11,129	19,2
11,131	18,9
11,131	19,0
11,131	19,2
11,132	19,2
11,139	18,9
11,143	19,0
11,145	19,1
11,145	18,8
11,143	18,9
11,142	18,9
11,142	19,0
11,140	18,8
11,139	18,9
11,137	18,9
11,137	18,8
11,142	18,8
11,146	18,8
11,150	18,9
11,153	18,6
11,154	18,6
11,154	18,7
11,153	18,8
11,153	18,5
11,153	18,6
11,154	18,6
11,157	18,3
11,162	18,2
11,167	18,2
11,172	18,0
11,179	17,6
11,190	17,5
11,201	17,4
11,212	17,3
11,219	16,9
11,223	17,0
11,228	17,1
11,234	16,9
11,244	17,0
11,253	17,3
11,259	17,5
11,261	17,1
11,261	17,5
11,261	17,7
11,264	17,7
11,267	17,8
11,270	18,3
11,275	19,0
11,278	19,1
11,285	19,8
11,294	20,7
11,303	21,3
11,313	21,2
11,316	21,6
11,318	21,8
11,318	21,5
11,314	21,7
11,314	21,8
11,316	22,1
11,321	21,9
11,329	22,1
11,333	22,2
11,336	22,0
11,336	22,2
11,336	22,5
11,336	22,7
11,336	22,5
11,336	22,5
11,335	22,5
11,333	22,3
11,333	22,4
11,333	22,5
11,335	22,6
11,336	22,4
11,340	22,5
11,343	22,7
11,346	22,5
11,347	22,5
11,349	22,6
11,349	22,5
11,351	22,4
11,351	22,1
11,355	22,5
11,358	22,4
11,365	22,5
11,371	22,1
11,376	22,5
11,382	22,3
11,391	22,7
11,399	23,6
11,409	23,6
11,415	24,4
11,420	24,9
11,424	25,2
11,429	25,1
11,437	25,0
11,445	25,2
11,450	25,3
11,454	25,0
11,456	25,1
11,457	25,1
11,461	25,0
11,465	24,6
11,473	24,4
11,479	24,0
11,486	23,7
11,490	23,3
11,495	23,0
11,498	22,5
11,503	22,3
11,508	21,7
11,511	21,7
11,514	21,3
11,517	21,1
11,520	20,8
11,523	20,9
11,525	20,5
11,527	20,4
11,528	20,8
11,533	20,7
11,534	20,7
11,536	20,7
11,536	20,8
11,536	20,6
11,536	20,6
11,536	20,9
11,536	20,6
11,534	20,5
11,533	20,7
11,533	20,8
11,533	20,5
11,536	20,6
11,539	20,9
11,542	20,9
11,544	20,5
11,545	20,8
11,547	21,0
11,548	20,6
11,552	20,8
11,556	21,0
11,559	21,0
11,564	20,7
11,569	21,1
11,575	21,2
11,581	21,2
11,589	21,4
11,599	21,7
11,608	22,2
11,616	22,0
11,622	22,1
11,627	22,1
11,633	22,0
11,641	22,0
11,649	22,0
11,655	21,8
11,660	21,5
11,663	21,8
11,665	21,7
11,668	21,8
11,673	22,2
11,679	22,6
11,685	22,6
11,693	22,7
11,699	23,1
11,706	23,0
11,709	23,5
11,709	23,7
11,710	23,4
11,712	24,4
11,717	24,6
11,723	25,2
11,728	25,3
11,729	25,7
11,729	25,7
11,729	26,2
11,732	26,5
11,734	26,5
11,737	27,1
11,739	27,5
11,739	27,6
11,739	27,3
11,739	27,3
11,739	27,7
11,739	27,5
11,739	27,5
11,739	27,7
11,740	27,9
11,743	27,9
11,748	28,3
11,751	27,9
11,753	27,7
11,754	27,8
11,757	28,0
11,762	28,0
11,768	27,7
11,776	27,4
11,779	27,1
11,783	26,8
11,784	26,4
11,789	26,1
11,798	25,9
11,808	25,7
11,816	25,4
11,822	24,6
11,827	25,0
11,833	25,0
11,841	25,6
11,849	25,6
11,856	26,1
11,861	26,8
11,864	27,3
11,866	27,3
11,866	27,7
11,869	28,2
11,872	29,1
11,877	28,5
11,883	29,2
11,889	30,6
11,897	31,7
11,905	33,4
11,911	34,1
11,914	34,8
11,914	35,3
11,914	35,6
11,914	35,9
11,918	37,9
11,924	38,8
11,927	39,3
11,929	39,3
11,929	40,6
11,929	41,5
11,929	42,2
11,932	42,4
11,936	42,5
11,938	42,9
11,938	43,1
11,938	43,1
11,938	43,1
11,940	43,6
11,940	43,4
11,940	43,5
11,940	43,3
11,938	43,1
11,938	42,6
11,938	43,3
11,938	43,6
11,940	43,4
11,940	43,5
11,941	44,2
11,946	43,8
11,952	45,7
11,963	45,7
11,974	46,8
11,982	47,7
11,987	48,7
11,991	48,0
11,998	48,9
12,007	49,1
12,020	48,0
12,031	48,8
12,040	50,5
12,048	54,3
12,056	55,5
12,059	56,9
12,062	58,1
12,062	59,2
12,062	59,0
12,062	58,6
12,062	58,9
12,064	62,7
12,070	64,4
12,078	66,6
12,087	67,8
12,092	65,9
12,094	66,8
12,094	68,1
12,094	71,4
12,097	72,0
12,103	72,4
12,109	74,7
12,116	77,6
12,117	81,3
12,117	80,8
12,119	83,7
12,120	85,2
12,123	86,8
12,125	88,7
12,127	89,3
12,127	92,0
12,128	93,0
12,130	95,4
12,131	95,2
12,133	95,0
12,134	96,3
12,134	97,6
12,134	97,4
12,134	97,1
12,134	98,0
12,134	97,7
12,136	97,5
12,136	99,0
12,139	99,7
12,142	99,7
12,147	99,7
12,152	99,7
12,158	99,7
12,166	99,7
12,172	99,7
12,178	99,7
12,185	99,7
12,194	99,7
12,202	99,7
12,208	99,7
12,215	99,7
12,221	99,7
12,229	99,7
12,238	99,7
12,248	99,7
12,254	99,7
12,257	99,7
12,257	99,7
12,257	99,7
12,257	99,7
12,257	99,7
12,257	99,7
12,257	99,7
12,262	99,7
12,268	99,7
12,279	99,8
12,288	99,7
12,298	99,8
12,302	99,7
12,304	99,8
12,302	99,7
12,302	99,8
12,306	99,7
12,312	99,7
12,318	99,7
12,323	99,7
12,323	99,8
12,323	99,8
12,323	99,8
12,326	99,7
12,329	99,7
12,332	99,7
12,332	99,7
12,329	99,7
12,328	99,8
12,328	99,7
12,328	99,8
12,329	99,7
12,331	99,8
12,331	99,7
12,331	99,7
12,331	99,8
12,331	99,7
12,331	99,8
12,331	99,8
12,331	99,8
12,331	99,7
12,331	99,8
12,334	99,8
12,337	99,8
12,343	99,8
12,350	99,7
12,357	99,7
12,365	99,7
12,373	99,8
12,379	99,7
12,384	99,7
12,389	99,7
12,395	99,8
12,400	99,7
12,406	99,7
12,411	99,8
12,414	99,7
12,419	99,7
12,422	99,7
12,427	99,7
12,431	99,7
12,434	99,8
12,439	99,8
12,445	99,8
12,453	99,8
12,463	99,7
12,472	99,8
12,482	99,8
12,485	99,8
12,486	99,8
12,486	99,8
12,486	99,7
12,491	99,7
12,497	99,7
12,505	99,7
12,511	99,7
12,513	99,8
12,513	99,7
12,513	99,8
12,518	99,7
12,524	99,7
12,527	99,7
12,527	99,7
12,521	99,8
12,515	99,8
12,510	99,8
12,508	99,7
12,511	99,7
12,516	99,8
12,519	99,7
12,521	99,7
12,522	99,7
12,526	99,8
12,530	99,8
12,537	99,8
12,544	99,8
12,552	99,7
12,555	99,7
12,557	99,7
12,559	99,8
12,563	99,8
12,571	99,7
12,584	99,7
12,595	99,7
12,601	99,8
12,606	99,7
12,609	99,8
12,615	99,7
12,624	99,8
12,632	99,8
12,637	99,7
12,639	99,8
12,639	99,7
12,639	99,8
12,643	99,8
12,648	99,7
12,653	99,7
12,659	99,7
12,665	99,8
12,675	99,7
12,684	99,8
12,689	99,8
12,689	99,8
12,686	99,7
12,686	99,8
12,694	99,7
12,705	99,8
12,714	99,7
12,719	99,7
12,719	99,7
12,719	99,8
12,719	99,8
12,719	99,8
12,716	99,7
12,709	99,8
12,705	99,8
12,703	99,7
12,706	99,8
12,712	99,7
12,719	99,8
12,722	99,7
12,722	99,8
12,722	99,8
12,722	99,7
12,727	99,8
12,734	99,7
12,744	99,7
12,752	99,8
12,755	99,8
12,755	99,7
12,758	99,7
12,767	99,8
12,783	99,7
12,797	99,8
12,808	99,7
12,816	99,8
12,819	99,7
12,821	99,8
12,822	99,7
12,824	99,8
12,827	99,7
12,827	99,8
12,824	99,8
12,824	99,7
12,827	99,8
12,832	99,8
12,840	99,8
12,851	99,7
12,863	99,8
12,874	99,7
12,884	99,7
12,887	99,7
12,887	99,7
12,884	99,7
12,882	99,7
12,885	99,7
12,895	99,7
12,904	99,7
12,910	99,7
12,910	99,7
12,910	99,7
12,912	99,7
12,912	99,7
12,912	99,7
12,910	99,7
12,907	99,7
12,903	99,7
12,899	99,7
12,899	99,7
12,904	99,7
12,910	99,7
12,915	99,7
12,915	99,7
12,917	99,7
12,918	99,7
12,923	99,7
12,929	99,7
12,937	99,7
12,945	99,2
12,951	92,1
12,954	85,4
12,958	81,7
12,964	75,2
12,973	70,2
12,986	65,4
12,995	62,3
13,003	60,4
13,009	57,3
13,016	55,0
13,023	51,8
13,033	50,1
13,038	49,2
13,038	49,7
13,033	49,8
13,027	49,7
13,028	49,0
13,034	46,8
13,044	44,1
13,053	42,9
13,061	41,1
13,069	39,9
13,075	39,5
13,083	38,7
13,086	38,4
13,085	38,0
13,083	37,4
13,085	37,1
13,093	35,9
13,102	34,7
13,108	33,2
13,110	32,7
13,110	32,2
13,107	32,3
13,104	32,6
13,102	32,5
13,099	32,8
13,097	33,2
13,097	33,2
13,099	32,2
13,102	31,9
13,107	32,0
13,110	31,8
13,110	31,6
13,111	31,1
13,115	31,4
13,121	31,5
13,129	31,5
13,137	31,2
13,140	31,1
13,141	30,8
13,144	30,3
13,152	29,9
13,162	29,3
13,173	28,4
13,181	27,5
13,185	27,0
13,187	26,7
13,190	27,2
13,193	27,0
13,199	26,7
13,204	26,6
13,207	26,7
13,207	26,7
13,207	26,0
13,209	25,8
13,214	25,9
13,220	25,2
13,229	25,1
13,237	24,5
13,247	23,3
13,258	23,8
13,265	24,4
13,273	24,6
13,275	24,8
13,275	24,3
13,273	24,3
13,275	24,7
13,280	25,0
13,287	24,9
13,292	24,8
13,294	25,1
13,294	25,1
13,295	25,0
13,298	24,9
13,302	25,3
13,303	25,1
13,305	25,1
13,303	24,8
13,300	25,3
13,297	25,1
13,294	25,3
13,292	25,2
13,294	25,5
13,297	25,5
13,302	25,5
13,303	25,3
13,305	25,4
13,306	25,5
13,308	25,6
13,313	25,5
13,317	25,4
13,320	25,3
13,322	25,6
13,323	25,7
13,327	25,9
13,333	26,0
13,339	26,1
13,347	26,3
13,356	25,9
13,364	25,8
13,374	25,6
13,382	25,4
13,389	24,2
13,400	24,2
13,415	23,9
13,432	23,3
13,449	22,6
13,462	22,4
13,462	22,5
13,454	22,6
13,443	22,9
13,438	23,0
13,438	22,5
13,443	22,5
13,451	22,3
13,457	22,0
13,462	21,8
13,463	22,1
13,463	22,0
13,463	21,4
13,465	21,6
13,474	21,7
13,484	21,6
13,493	21,6
13,496	21,4
13,498	21,3
13,496	21,2
13,496	21,2
13,498	21,3
13,498	21,2
13,495	21,2
13,488	21,1
13,481	21,3
13,476	21,4
13,481	21,6
13,492	21,7
13,501	21,5
13,503	21,2
13,501	21,1
13,496	21,3
13,496	21,4
13,499	21,1
13,504	21,4
13,512	22,0
13,520	22,2
13,526	22,4
13,531	22,7
13,536	23,5
13,545	23,6
13,559	24,5
13,576	24,6
13,597	25,3
13,613	25,4
13,620	25,3
13,622	25,4
13,622	25,0
13,624	24,8
13,630	24,8
13,635	24,5
13,638	24,1
13,638	24,0
13,636	24,2
13,636	23,9
13,639	23,5
13,647	22,7
13,660	21,7
13,672	21,5
13,678	21,9
13,677	20,9
13,672	20,7
13,674	20,2
13,683	20,1
13,691	19,5
13,694	19,0
13,693	18,8
13,688	19,3
13,683	19,7
13,680	19,1
13,677	19,4
13,675	19,4
13,675	19,6
13,677	19,1
13,682	19,3
13,688	19,4
13,693	19,1
13,696	19,0
13,696	18,8
13,696	18,6
13,700	18,6
13,707	18,6
13,718	18,5
13,724	18,9
13,727	18,7
13,727	18,8
13,729	18,6
13,737	18,6
13,749	18,6
13,760	18,7
13,770	18,9
13,773	18,8
13,777	18,7
13,782	19,1
13,790	19,1
13,801	19,3
13,810	19,6
13,817	19,7
13,821	19,7
13,826	19,7
13,829	20,4
13,834	20,2
13,839	19,9
13,843	19,8
13,847	19,8
13,851	19,6
13,856	20,0
13,861	20,1
13,862	19,6
13,862	19,7
13,862	19,3
13,865	19,7
13,872	19,4
13,876	19,4
13,881	18,9
13,883	19,4
13,881	19,2
13,876	19,8
13,865	19,6
13,859	20,2
13,861	20,2
13,872	20,1
13,884	20,2
13,889	20,1
13,889	19,8
13,886	19,5
13,884	19,7
13,884	19,7
13,886	19,4
13,892	19,3
13,897	19,2
13,897	18,9
13,897	18,5
13,898	19,1
13,905	18,6
13,917	18,4
13,931	18,5
13,944	19,0
13,952	18,5
13,958	18,2
13,964	17,6
13,974	17,8
13,986	17,4
14,001	17,3
14,010	17,0
14,012	17,1
14,007	16,9
13,999	16,8
13,994	16,7
13,994	16,9
14,001	16,5
14,013	16,3
14,027	16,5
14,037	16,1
14,040	16,1
14,040	16,0
14,040	15,7
14,041	15,5
14,046	15,7
14,052	15,5
14,059	15,6
14,062	15,7
14,063	15,7
14,065	15,6
14,068	15,6
14,070	15,6
14,070	15,9
14,070	15,6
14,070	15,6
14,068	15,8
14,065	15,6
14,065	15,6
14,066	15,7
14,070	15,8
14,071	15,5
14,073	15,4
14,073	15,6
14,071	15,7
14,070	15,7
14,070	15,6
14,071	15,5
14,077	15,4
14,084	15,1
14,090	15,1
14,098	14,9
14,106	14,8
14,117	14,8
14,125	14,6
14,132	14,7
14,140	14,7
14,147	14,7
14,154	14,7
14,161	14,8
14,169	14,6
14,175	14,9
14,181	14,9
14,184	14,9
14,187	14,8
14,191	14,9
14,192	14,9
14,197	14,9
14,203	14,7
14,214	14,7
14,224	14,6
14,233	14,4
14,236	14,3
14,238	14,3
14,236	14,3
14,239	14,1
14,246	14,0
14,255	13,9
14,261	14,0
14,263	13,9
14,260	13,7
14,260	13,9
14,261	13,8
14,261	13,8
14,258	13,8
14,250	13,8
14,242	13,8
14,241	13,7
14,246	13,8
14,253	13,9
14,258	13,8
14,258	13,7
14,258	13,8
14,257	13,9
14,257	13,8
14,257	13,7
14,257	13,8
14,257	13,9
14,260	14,0
14,266	14,1
14,274	14,4
14,282	14,8
14,286	15,0
14,293	15,3
14,304	15,8
14,318	16,0
14,330	16,4
14,340	16,4
14,345	16,9
14,346	16,9
14,351	16,7
14,357	16,7
14,365	17,1
14,370	17,1
14,371	17,0
14,371	16,9
14,370	17,2
14,371	17,1
14,376	16,9
14,382	17,1
14,395	16,9
14,407	16,7
14,418	16,3
14,426	16,0
14,426	15,8
14,425	15,8
14,423	15,8
14,423	15,7
14,428	15,4
14,436	15,4
14,443	15,3
14,447	15,2
14,445	15,0
14,443	15,1
14,445	15,1
14,448	15,0
14,450	15,0
14,445	15,6
14,437	15,3
14,432	15,0
14,436	15,1
14,443	15,1
14,453	15,1
14,458	15,0
14,458	15,0
14,459	15,1
14,458	14,9
14,458	14,8
14,458	14,8
14,458	14,9
14,459	15,1
14,462	14,7
14,469	14,5
14,475	14,7
14,483	14,5
14,492	14,3
14,502	14,4
14,513	14,6
14,520	14,5
14,528	14,3
14,533	14,3
14,539	14,0
14,546	13,7
14,553	13,5
14,560	13,6
14,563	13,7
14,560	13,4
14,555	13,4
14,555	13,5
14,560	13,2
14,569	13,0
14,577	13,3
14,583	13,3
14,588	13,1
14,594	13,0
14,604	13,3
14,613	13,6
14,623	13,8
14,627	13,7
14,627	14,0
14,626	14,1
14,624	14,1
14,626	14,1
14,630	14,3
14,634	14,4
14,635	14,4
14,634	14,4
14,634	14,6
14,635	14,5
14,640	14,5
14,643	14,5
14,643	14,8
14,641	14,7
14,638	14,8
14,637	14,8
14,637	14,8
14,638	14,5
14,645	14,5
14,649	14,5
14,652	14,6
14,654	14,6
14,654	14,4
14,656	14,4
14,660	14,4
14,670	14,3
14,682	14,0
14,692	14,0
14,696	13,8
14,701	13,7
14,704	13,5
14,711	13,6
14,722	13,6
14,731	13,5
14,739	13,3
14,744	13,5
14,747	13,4
14,748	13,3
14,751	13,2
14,754	13,3
14,759	13,2
14,762	13,1
14,767	13,1
14,773	13,1
14,784	13,0
14,797	12,6
14,809	12,5
14,817	12,7
14,819	12,6
14,816	12,5
14,813	12,4
14,813	12,6
14,820	12,4
14,830	12,4
14,836	12,4
14,836	12,3
14,831	12,4
14,827	12,5
14,828	12,5
14,831	12,3
14,830	12,4
14,824	12,4
14,819	12,3
14,819	12,4
14,824	12,4
14,831	12,3
14,838	12,4
14,838	12,4
14,836	12,4
14,833	12,3
14,835	12,3
14,841	12,4
14,852	12,4
14,858	12,5
14,861	12,3
14,863	12,2
14,871	12,2
14,886	12,2
14,904	11,9
14,916	11,8
14,923	12,2
14,924	12,1
14,929	12,3
14,938	12,7
14,951	12,6
14,962	12,9
14,965	13,1
14,963	13,2
14,960	13,1
14,957	13,1
14,957	13,2
14,959	13,2
14,965	13,2
14,973	13,2
14,982	13,3
14,992	13,2
14,996	13,1
15,001	12,9
15,003	13,0
15,003	12,8
15,007	12,3
15,012	12,4
15,020	12,2
15,023	11,8
15,023	11,7
15,022	11,9
15,020	11,8
15,020	11,6
15,020	11,4
15,020	10,8
15,022	10,7
15,020	10,9
15,018	10,9
15,017	10,7
15,018	10,6
15,023	10,4
15,026	10,1
15,029	10,2
15,031	10,0
15,033	9,9
15,034	9,8
15,037	9,8
15,042	9,7
15,047	9,6
15,055	9,6
15,062	9,5
15,070	9,5
15,078	9,7
15,086	9,9
15,094	10,2
15,103	10,6
15,113	10,8
15,122	11,2
15,131	11,4
15,141	12,0
15,149	12,1
15,153	12,0
15,155	12,1
15,158	12,0
15,161	12,1
15,168	12,3
15,172	12,2
15,174	11,8
15,175	12,0
15,179	11,6
15,186	11,3
15,199	11,3
15,208	11,1
15,212	11,0
15,210	10,9
15,204	10,9
15,201	10,9
15,204	10,8
15,212	10,7
15,216	10,7
15,216	10,5
15,213	10,5
15,210	10,6
15,210	10,4
15,212	10,4
15,215	10,3
15,215	10,2
15,215	10,2
15,213	10,3
15,215	10,3
15,218	10,2
15,221	10,3
15,224	10,2
15,229	10,1
15,232	10,2
15,235	10,3
15,235	10,2
15,235	10,3
15,235	10,3
15,237	10,1
15,243	10,3
15,248	10,3
15,256	10,3
15,262	10,4
15,273	10,9
15,284	10,8
15,293	10,7
15,301	10,7
15,306	10,6
15,309	10,5
15,315	10,5
15,322	10,4
15,329	10,1
15,336	10,1
15,339	10,1
15,340	10,1
15,340	9,9
15,340	10,0
15,342	10,1
15,344	9,9
15,347	10,1
15,350	9,9
15,355	9,9
15,361	10,0
15,370	10,0
15,378	10,0
15,384	10,1
15,389	10,1
15,389	10,0
15,389	10,0
15,389	10,2
15,392	10,1
15,400	10,1
15,406	10,2
15,410	10,3
15,410	10,2
15,408	10,3
15,406	10,4
15,406	10,3
15,406	10,3
15,406	10,4
15,406	10,3
15,405	10,3
15,405	10,4
15,405	10,3
15,406	10,3
15,414	10,5
15,424	10,4
15,432	10,4
15,433	10,5
15,433	10,4
15,433	10,3
15,435	10,4
15,441	10,3
15,450	10,1
15,460	10,1
15,469	10,2
15,472	10,1
15,472	10,0
15,475	10,2
15,482	10,2
15,493	10,2
15,502	10,2
15,508	10,0
15,513	9,9
15,515	9,9
15,519	9,8
15,523	9,7
15,527	9,7
15,530	9,7
15,535	9,5
15,540	9,5
15,545	9,4
15,549	9,5
15,556	9,3
15,560	9,5
15,565	9,5
15,570	9,4
15,573	9,6
15,576	9,5
15,581	9,4
15,585	9,4
15,593	9,6
15,598	9,4
15,601	9,4
15,601	9,4
15,600	9,5
15,601	9,3
15,603	9,5
15,604	9,6
15,606	9,5
15,606	9,5
15,606	9,6
15,606	9,4
15,606	9,4
15,606	9,5
15,606	9,6
15,606	9,4
15,606	9,6
15,604	9,6
15,603	9,5
15,603	9,6
15,604	9,7
15,609	9,6
15,615	9,7
15,625	9,8
15,633	9,8
15,639	9,7
15,645	9,7
15,655	9,6
15,666	9,4
15,678	9,4
15,688	9,3
15,700	9,2
15,710	9,3
15,713	9,3
15,714	9,3
15,716	9,3
15,719	9,4
15,725	9,4
15,728	9,3
15,728	9,4
15,728	9,4
15,730	9,3
15,736	9,4
15,743	9,5
15,750	9,3
15,760	9,4
15,768	9,5
15,776	9,4
15,779	9,2
15,780	9,4
15,779	9,5
15,777	9,3
15,780	9,4
15,788	9,2
15,796	9,1
15,801	9,1
15,801	9,2
15,798	9,1
15,796	8,9
15,796	8,8
15,798	8,7
15,799	8,6
15,799	8,7
15,799	8,7
15,798	8,6
15,798	8,5
15,798	8,6
15,799	8,5
15,802	8,4
15,807	8,4
15,813	8,4
15,819	8,2
15,829	8,4
15,840	8,4
15,852	8,5
15,862	8,5
15,870	8,6
15,873	8,7
15,879	8,8
15,884	9,0
15,890	8,9
15,893	8,9
15,895	9,1
15,900	9,1
15,906	9,1
15,914	9,0
15,918	9,2
15,922	9,0
15,923	9,0
15,926	9,0
15,929	9,0
15,934	8,7
15,937	8,8
15,942	8,8
15,947	8,7
15,953	8,8
15,961	8,8
15,967	8,7
15,972	8,5
15,973	8,6
15,973	8,6
15,973	8,5
15,977	8,6
15,980	8,5
15,983	8,4
15,986	8,4
15,986	8,4
15,986	8,4
15,986	8,4
15,988	8,4
15,988	8,5
15,988	8,3
15,988	8,5
15,988	8,5
15,988	8,3
15,989	8,4
15,989	8,4
15,991	8,4
15,994	8,4
15,999	8,4
16,003	8,4
16,010	8,3
16,016	8,5
16,022	8,4
16,027	8,3
16,032	8,3
16,041	8,3
16,054	8,2
16,069	8,1
16,085	8,2
16,096	8,2
16,101	8,0
16,101	8,0
16,102	7,9
16,109	7,9
16,115	7,8
16,120	7,7
16,120	7,7
16,116	7,7
16,112	7,8
16,109	7,8
16,107	7,7
16,109	7,7
16,116	7,7
16,127	7,5
16,142	7,3
16,157	7,4
16,170	7,3
16,174	7,2
16,171	7,2
16,164	7,3
16,159	7,3
16,162	7,0
16,174	7,1
16,187	7,2
16,192	7,2
16,187	7,2
16,179	7,4
16,176	7,4
16,179	7,3
16,184	7,4
16,187	7,5
16,185	7,5
16,181	7,5
16,176	7,5
16,176	7,5
16,181	7,5
16,187	7,7
16,192	7,7
16,193	7,7
16,195	7,8
16,196	7,9
16,201	7,8
16,206	7,9
16,212	8,0
16,218	8,0
16,223	8,0
16,229	8,1
16,236	8,2
16,244	8,2
16,251	8,2
16,259	8,2
16,269	8,0
16,278	7,9
16,288	8,1
16,297	8,1
16,306	7,9
16,314	8,0
16,319	7,9
16,321	7,9
16,321	7,8
16,321	7,9
16,324	7,9
16,330	7,6
16,341	7,7
16,355	7,8
16,363	7,6
16,365	7,6
16,365	7,7
16,365	7,5
16,371	7,4
16,380	7,7
16,383	7,6
16,383	7,5
16,383	7,5
16,383	7,4
16,388	7,4
16,390	7,2
16,390	7,3
16,387	7,4
16,377	7,3
16,369	7,4
16,365	7,5
16,368	7,4
16,380	7,3
16,391	7,3
16,398	7,3
16,396	7,1
16,393	7,2
16,398	7,2
16,410	7,2
16,424	7,1
16,435	7,2
16,437	7,2
16,437	7,1
16,437	7,3
16,443	7,3
16,454	7,3
16,468	7,2
16,484	7,2
16,497	7,1
16,509	7,0
16,522	7,2
16,533	7,2
16,536	7,1
16,536	7,0
16,534	7,2
16,534	7,2
16,534	7,1
16,534	7,1
16,534	7,2
16,536	7,1
16,537	7,0
16,540	7,2
16,544	7,2
16,547	7,1
16,551	7,1
16,558	7,2
16,567	7,3
16,577	7,2
16,583	7,3
16,586	7,3
16,586	7,2
16,586	7,3
16,586	7,3
16,586	7,3
16,586	7,3
16,586	7,3
16,584	7,2
16,581	7,3
16,578	7,3
16,578	7,4
16,578	7,3
16,580	7,2
16,583	7,3
16,586	7,3
16,589	7,1
16,592	7,2
16,595	7,2
16,600	7,1
16,606	7,1
16,613	7,2
16,619	7,3
16,627	7,2
16,635	7,3
16,643	7,4
16,655	7,4
16,666	7,3
16,674	7,5
16,680	7,5
16,683	7,4
16,687	7,6
16,691	7,6
16,694	7,5
16,699	7,5
16,699	7,6
16,699	7,6
16,701	7,5
16,704	7,7
16,715	7,8
16,726	7,8
16,737	7,7
16,745	7,9
16,749	7,8
16,753	7,8
16,754	7,9
16,759	7,8
16,765	7,7
16,771	7,9
16,773	7,9
16,773	7,8
16,773	7,7
16,773	7,9
16,775	7,7
16,775	7,6
16,776	7,8
16,779	7,8
16,781	7,8
16,782	7,8
16,782	7,9
16,782	7,7
16,779	7,7
16,778	7,8
16,776	7,9
16,776	7,9
16,779	7,9
16,784	8,0
16,786	7,9
16,789	7,6
16,792	7,7
16,795	7,8
16,800	7,6
16,804	7,8
16,808	7,7
16,812	7,7
16,819	7,6
16,828	7,6
16,841	7,5
16,853	7,2
16,864	7,2
16,874	7,1
16,883	7,0
16,894	7,1
16,906	7,2
16,916	7,2
16,921	7,1
16,924	7,3
16,928	7,3
16,933	7,2
16,939	7,2
16,946	7,2
16,949	7,2
16,950	7,1
16,952	7,2
16,957	7,2
16,963	7,1
16,968	7,1
16,971	7,1
16,972	7,0
16,972	6,9
16,976	7,0
16,979	7,0
16,980	6,8
16,983	6,8
16,985	6,9
16,985	6,8
16,987	6,7
16,987	6,7
16,987	6,8
16,987	6,8
16,987	6,8
16,987	6,8
16,985	6,8
16,983	6,7
16,979	6,8
16,974	6,8
16,974	6,8
16,974	6,7
16,979	6,8
16,982	6,8
16,985	6,7
16,990	6,7
16,993	6,7
16,999	6,7
17,005	6,6
17,010	6,7
17,015	6,8
17,018	6,7
17,023	6,8
17,029	6,9
17,035	6,9
17,043	6,8
17,049	7,0
17,056	7,2
17,064	7,2
17,071	7,3
17,081	7,4
17,090	7,3
17,101	7,3
17,111	7,4
17,119	7,4
17,126	7,3
17,131	7,3
17,136	7,4
17,142	7,4
17,147	7,2
17,153	7,3
17,158	7,2
17,164	7,2
17,166	7,3
17,166	7,3
17,163	7,3
17,163	7,2
17,164	7,4
17,166	7,3
17,167	7,3
17,169	7,4
17,172	7,5
17,175	7,3
17,177	7,3
17,177	7,3
17,169	7,3
17,159	7,2
17,153	7,3
17,152	7,4
17,158	7,3
17,166	7,3
17,172	7,4
17,175	7,3
17,175	7,2
17,175	7,3
17,181	7,3
17,191	7,2
17,199	7,3
17,207	7,3
17,210	7,2
17,213	7,1
17,219	7,3
17,229	7,2
17,241	7,1
17,254	7,2
17,266	7,3
17,277	7,4
17,293	7,5
17,312	7,7
17,324	7,7
17,329	7,6
17,329	7,7
17,329	7,7
17,332	7,8
17,340	7,7
17,348	7,7
17,354	7,6
17,357	7,4
17,360	7,5
17,367	7,5
17,370	7,5
17,370	7,5
17,370	7,5
17,368	7,5
17,368	7,3
17,370	7,4
17,375	7,3
17,376	7,3
17,376	7,3
17,375	7,3
17,373	7,3
17,371	7,1
17,371	7,3
17,371	7,4
17,371	7,2
17,368	7,2
17,367	7,3
17,365	7,2
17,365	7,2
17,367	7,2
17,370	7,2
17,375	7,1
17,381	7,1
17,387	7,2
17,393	7,0
17,398	6,8
17,403	6,8
17,412	6,8
17,422	6,7
17,433	6,5
17,442	6,6
17,452	6,5
17,461	6,5
17,472	6,6
17,486	6,6
17,499	6,5
17,508	6,6
17,511	6,7
17,514	6,7
17,516	6,6
17,519	6,7
17,522	6,8
17,524	6,7
17,521	6,7
17,519	6,7
17,524	6,7
17,533	6,7
17,547	6,8
17,558	6,8
17,563	6,6
17,562	6,6
17,560	6,7
17,560	6,6
17,565	6,5
17,569	6,7
17,569	6,7
17,568	6,6
17,565	6,6
17,563	6,5
17,563	6,5
17,563	6,4
17,565	6,6
17,565	6,6
17,565	6,5
17,563	6,5
17,562	6,6
17,562	6,5
17,562	6,5
17,563	6,6
17,566	6,6
17,569	6,5
17,576	6,5
17,584	6,6
17,591	6,5
17,601	6,4
17,607	6,6
17,613	6,6
17,621	6,6
17,627	6,5
17,634	6,6
17,640	6,6
17,651	6,5
17,664	6,7
17,679	6,8
17,697	6,9
17,719	6,9
17,739	7,2
17,752	7,1
17,755	7,1
17,752	7,3
17,747	7,2
17,747	7,2
17,747	7,0
17,748	7,2
17,747	7,2
17,745	7,1
17,744	7,2
17,744	7,2
17,744	7,2
17,745	7,1
17,748	7,3
17,753	7,4
17,756	7,3
17,759	7,5
17,759	7,4
17,758	7,4
17,756	7,3
17,756	7,5
17,755	7,4
17,753	7,3
17,753	7,4
17,752	7,4
17,750	7,3
17,750	7,3
17,750	7,4
17,752	7,4
17,756	7,3
17,763	7,5
17,772	7,5
17,778	7,4
17,785	7,4
17,789	7,5
17,794	7,4
17,803	7,3
17,813	7,4
17,825	7,3
17,835	7,0
17,844	6,9
17,854	6,8
17,866	6,5
17,877	6,3
17,891	6,3
17,906	6,2
17,913	6,1
17,917	6,2
17,917	6,2
17,915	6,1
17,920	6,2
17,924	6,1
17,928	6,0
17,928	6,2
17,928	6,2
17,928	6,2
17,932	6,2
17,939	6,2
17,942	6,2
17,946	6,3
17,948	6,3
17,951	6,2
17,953	6,3
17,954	6,5
17,954	6,4
17,954	6,4
17,953	6,5
17,951	6,4
17,945	6,5
17,939	6,5
17,934	6,5
17,934	6,4
17,939	6,4
17,943	6,6
17,943	6,6
17,946	6,5
17,954	6,6
17,967	6,6
17,981	6,6
17,987	6,4
17,992	6,5
17,998	6,4
18,006	6,3
18,020	6,5
18,034	6,4
18,048	6,2
18,063	6,3
18,077	6,3
18,091	6,3
18,099	6,2
18,100	6,3
18,099	6,3
18,097	6,3
18,099	6,4
18,099	6,4
18,097	6,3
18,099	6,4
18,107	6,4
18,119	6,4
18,130	6,4
18,133	6,5
18,132	6,5
18,130	6,4
18,136	6,6
18,147	6,6
18,157	6,6
18,158	6,6
18,157	6,6
18,151	6,6
18,149	6,5
18,149	6,7
18,146	6,7
18,138	6,6
18,130	6,4
18,127	6,6
18,133	6,6
18,143	6,5
18,151	6,6
18,154	6,7
18,155	6,7
18,163	6,5
18,179	6,7
18,198	6,6
18,210	6,4
18,213	6,5
18,210	6,5
18,210	6,4
18,221	6,2
18,242	6,3
18,261	6,2
18,279	6,0
18,297	6,2
18,306	6,1
18,311	5,9
18,309	6,1
18,306	6,1
18,306	5,9
18,306	6,1
18,306	6,1
18,304	5,9
18,304	6,1
18,314	6,0
18,328	6,1
18,337	6,1
18,337	6,0
18,331	6,1
18,330	6,1
18,336	6,0
18,345	6,1
18,348	6,1
18,347	6,0
18,342	6,1
18,337	6,1
18,337	6,0
18,336	6,1
18,336	6,2
18,334	6,0
18,331	6,1
18,331	6,1
18,331	6,0
18,333	6,1
18,337	6,2
18,347	6,1
18,358	6,2
18,369	6,2
18,375	6,1
18,381	6,3
18,388	6,3
18,394	6,2
18,403	6,3
18,413	6,3
18,425	6,2
18,438	5,9
18,454	6,0
18,471	5,8
18,485	5,6
18,491	5,8
18,491	5,8
18,490	5,8
18,490	5,8
18,495	5,8
18,495	5,8
18,495	5,9
18,495	5,7
18,501	5,8
18,513	5,9
18,523	5,8
18,531	5,9
18,531	5,9
18,528	5,8
18,528	5,9
18,532	6,0
18,540	5,9
18,546	6,0
18,546	6,1
18,546	6,0
18,545	6,1
18,546	6,1
18,548	5,9
18,548	5,9
18,545	5,9
18,540	5,9
18,534	6,0
18,528	5,9
18,523	5,8
18,518	5,8
18,518	5,8
18,523	5,8
18,532	5,9
18,542	5,9
18,550	5,8
18,554	5,9
18,559	5,8
18,565	5,7
18,576	5,9
18,589	5,9
18,600	5,8
18,608	6,0
18,612	5,9
18,619	5,8
18,627	6,0
18,639	5,9
18,649	5,8
18,655	6,0
18,659	6,0
18,663	5,8
18,666	6,0
18,672	6,0
18,677	5,9
18,681	6,1
18,685	6,1
18,689	6,0
18,694	6,3
18,700	6,2
18,707	6,2
18,713	6,4
18,719	6,4
18,725	6,3
18,727	6,5
18,727	6,5
18,727	6,5
18,727	6,4
18,729	6,5
18,729	6,5
18,729	6,5
18,729	6,6
18,724	6,6
18,718	6,5
18,711	6,4
18,713	6,6
18,718	6,6
18,724	6,5
18,725	6,6
18,724	6,6
18,724	6,6
18,729	6,5
18,740	6,7
18,747	6,6
18,752	6,5
18,754	6,6
18,757	6,7
18,763	6,6
18,771	6,4
18,777	6,6
18,787	6,4
18,795	6,1
18,806	6,1
18,817	6,0
18,824	5,7
18,831	5,8
18,837	5,7
18,843	5,6
18,851	5,7
18,861	5,7
18,868	5,6
18,879	5,8
18,889	5,8
18,900	5,7
18,909	5,9
18,916	5,9
18,916	5,7
18,911	5,9
18,905	5,8
18,906	5,8
18,914	6,0
18,925	6,0
18,931	5,9
18,930	6,1
18,927	6,1
18,927	6,0
18,933	6,2
18,936	6,2
18,936	6,0
18,931	6,2
18,922	6,1
18,914	5,9
18,908	6,1
18,903	6,0
18,905	5,9
18,908	6,1
18,916	6,1
18,925	6,0
18,933	6,3
18,939	6,2
18,945	6,1
18,953	6,3
18,966	6,2
18,978	6,0
18,988	6,1
18,994	6,1
18,997	6,0
19,002	6,2
19,013	6,0
19,025	5,8
19,036	5,9
19,046	5,8
19,052	5,7
19,055	5,9
19,058	5,8
19,060	5,7
19,060	5,9
19,060	5,9
19,062	5,7
19,065	6,0
19,073	5,9
19,084	6,0
19,096	6,1
19,102	6,0
19,104	6,0
19,101	6,1
19,102	6,0
19,110	6,0
19,118	6,0
19,121	5,9
19,121	6,0
19,121	6,0
19,121	5,9
19,121	6,0
19,117	6,0
19,110	6,0
19,104	6,1
19,098	6,1
19,099	5,9
19,102	6,1
19,106	6,0
19,107	5,9
19,107	6,0
19,110	6,0
19,118	5,8
19,128	5,9
19,139	5,9
19,143	5,7
19,143	5,8
19,143	5,8
19,146	5,6
19,156	5,8
19,168	5,7
19,178	5,5
19,184	5,7
19,187	5,6
19,192	5,4
19,198	5,5
19,208	5,5
19,217	5,3
19,223	5,5
19,227	5,5
19,231	5,3
19,238	5,5
19,247	5,4
19,255	5,3
19,263	5,5
19,267	5,4
19,272	5,2
19,277	5,4
19,283	5,4
19,289	5,3
19,296	5,5
19,297	5,5
19,297	5,4
19,299	5,6
19,304	5,6
19,308	5,4
19,310	5,6
19,310	5,6
19,310	5,5
19,310	5,7
19,310	5,6
19,302	5,4
19,285	5,6
19,274	5,5
19,277	5,4
19,294	5,6
19,313	5,6
19,316	5,5
19,313	5,7
19,310	5,7
19,318	5,6
19,335	5,9
19,352	5,8
19,365	5,7
19,366	5,9
19,365	5,8
19,366	5,7
19,374	5,9
19,387	5,7
19,399	5,6
19,410	5,8
19,418	5,6
19,428	5,4
19,435	5,6
19,443	5,5
19,448	5,4
19,451	5,6
19,453	5,5
19,454	5,6
19,454	5,7
19,456	5,6
19,462	5,7
19,472	5,8
19,483	5,7
19,489	5,7
19,489	5,8
19,487	5,7
19,489	5,8
19,494	5,8
19,501	5,7
19,503	5,9
19,503	5,9
19,500	5,8
19,490	5,9
19,481	5,8
19,470	5,7
19,465	5,8
19,472	5,8
19,484	5,7
19,495	5,9
19,497	5,9
19,497	5,8
19,500	6,0
19,511	6,0
19,528	5,9
19,541	6,0
19,547	6,0
19,547	5,9
19,547	6,0
19,549	6,0
19,555	5,8
19,564	6,0
19,575	5,9
19,588	5,7
19,599	5,9
19,610	5,8
19,621	5,6
19,630	5,8
19,640	5,7
19,648	5,6
19,654	5,7
19,659	5,7
19,660	5,5
19,660	5,7
19,660	5,7
19,660	5,6
19,660	5,7
19,662	5,7
19,663	5,5
19,666	5,8
19,670	5,7
19,671	5,5
19,676	5,8
19,681	5,7
19,684	5,6
19,684	5,8
19,684	5,7
19,679	5,6
19,674	5,8
19,671	5,7
19,671	5,6
19,674	5,8
19,677	5,7
19,679	5,6
19,684	5,8
19,688	5,7
19,695	5,5
19,703	5,8
19,710	5,6
19,720	5,5
19,729	5,7
19,735	5,6
19,739	5,5
19,742	5,7
19,748	5,5
19,756	5,4
19,762	5,6
19,768	5,5
19,772	5,4
19,776	5,6
19,784	5,5
19,792	5,6
19,801	5,6
19,808	5,5
19,812	5,6
19,817	5,6
19,823	5,5
19,831	5,5
19,838	5,5
19,841	5,4
19,842	5,5
19,842	5,5
19,847	5,4
19,853	5,5
19,860	5,5
19,864	5,4
19,866	5,6
19,867	5,6
19,872	5,5
19,877	5,6
19,880	5,6
19,880	5,5
19,880	5,7
19,880	5,6
19,875	5,5
19,871	5,6
19,864	5,6
19,863	5,5
19,866	5,6
19,872	5,6
19,877	5,5
19,877	5,6
19,878	5,6
19,878	5,4
19,883	5,6
19,893	5,7
19,900	5,6
19,908	5,8
19,915	5,8
19,916	5,7
19,918	5,9
19,922	5,9
19,933	5,7
19,946	6,0
19,960	5,9
19,971	5,8
19,982	5,9
19,992	5,8
20,001	5,7
20,007	5,8
20,012	5,7
20,015	5,5
20,017	5,7
20,017	5,6
20,017	5,5
20,017	5,7
20,020	5,6
20,023	5,4
20,031	5,6
20,040	5,5
20,051	5,3
20,058	5,5
20,059	5,4
20,059	5,3
20,059	5,5
20,067	5,4
20,075	5,3
20,078	5,5
20,078	5,4
20,072	5,3
20,062	5,5
20,051	5,4
20,043	5,3
20,043	5,6
20,051	5,5
20,062	5,3
20,073	5,5
20,078	5,4
20,079	5,3
20,079	5,5
20,084	5,4
20,094	5,3
20,103	5,5
20,109	5,4
20,112	5,3
20,114	5,6
20,116	5,4
20,119	5,4
20,128	5,6
20,141	5,4
20,152	5,5
20,160	5,5
20,167	5,4
20,178	5,5
20,188	5,5
20,196	5,4
20,200	5,5
20,204	5,5
20,205	5,3
20,210	5,5
20,215	5,4
20,224	5,2
20,232	5,4
20,240	5,4
20,248	5,3
20,254	5,4
20,255	5,4
20,255	5,3
20,255	5,4
20,255	5,4
20,262	5,3
20,266	5,4
20,268	5,5
20,270	5,3
20,268	5,5
20,268	5,5
20,266	5,3
20,255	5,4
20,241	5,3
20,235	5,2
20,237	5,4
20,248	5,4
20,260	5,2
20,263	5,4
20,265	5,4
20,265	5,3
20,268	5,4
20,279	5,5
20,292	5,4
20,301	5,6
20,309	5,6
20,309	5,6
20,312	5,7
20,318	5,8
20,331	5,7
20,347	5,9
20,359	6,0
20,369	5,8
20,375	6,0
20,381	5,9
20,389	5,7
20,394	5,9
20,398	5,8
20,403	5,6
20,405	5,8
20,408	5,7
20,413	5,5
20,420	5,6
20,427	5,5
20,433	5,3
20,434	5,5
20,434	5,5
20,434	5,3
20,436	5,5
20,444	5,3
20,452	5,1
20,458	5,3
20,460	5,2
20,458	5,1
20,455	5,3
20,453	5,2
20,449	5,1
20,442	5,4
20,436	5,3
20,433	5,2
20,436	5,4
20,445	5,2
20,456	5,1
20,463	5,3
20,464	5,2
20,467	5,1
20,477	5,4
20,493	5,4
20,508	5,3
20,516	5,6
20,518	5,6
20,518	5,5
20,519	5,7
20,527	5,6
20,541	5,6
20,555	5,8
20,568	5,7
20,579	5,6
20,587	5,8
20,596	5,6
20,603	5,5
20,609	5,7
20,612	5,6
20,612	5,4
20,614	5,6
20,618	5,5
20,623	5,4
20,632	5,6
20,640	5,5
20,643	5,4
20,643	5,6
20,642	5,5
20,643	5,3
20,647	5,6
20,648	5,4
20,650	5,3
20,650	5,6
20,648	5,4
20,647	5,4
20,642	5,6
20,636	5,5
20,632	5,4
20,632	5,6
20,637	5,4
20,645	5,3
20,653	5,5
20,661	5,4
20,665	5,5
20,669	5,6
20,672	5,4
20,678	5,5
20,684	5,5
20,691	5,4
20,694	5,5
20,698	5,5
20,703	5,3
20,711	5,5
20,720	5,5
20,733	5,3
20,744	5,5
20,755	5,4
20,764	5,3
20,774	5,4
20,782	5,4
20,789	5,2
20,796	5,3
20,799	5,3
20,802	5,2
20,805	5,3
20,807	5,3
20,808	5,1
20,811	5,3
20,815	5,2
20,816	5,1
20,821	5,2
20,826	5,2
20,830	5,1
20,833	5,2
20,833	5,2
20,833	5,0
20,835	5,2
20,838	5,2
20,840	5,0
20,840	5,2
20,840	5,2
20,838	5,0
20,835	5,2
20,833	5,2
20,830	5,0
20,830	5,2
20,832	5,2
20,837	5,0
20,841	5,2
20,846	5,2
20,849	5,0
20,852	5,2
20,857	5,2
20,863	5,0
20,871	5,2
20,877	5,2
20,884	5,0
20,890	5,2
20,896	5,1
20,906	5,0
20,915	5,1
20,925	5,1
20,934	4,9
20,942	5,0
20,951	5,0
20,959	4,8
20,967	5,0
20,973	5,0
20,978	4,9
20,983	5,0
20,984	5,0
20,987	4,9
20,989	5,1
20,991	5,0
20,995	4,9
21,003	5,1
21,013	5,1
21,020	5,0
21,025	5,2
21,027	5,2
21,028	5,0
21,030	5,2
21,031	5,2
21,033	5,1
21,033	5,3
21,030	5,2
21,025	5,1
21,019	5,2
21,009	5,2
21,003	5,1
21,005	5,2
21,016	5,2
21,031	5,1
21,041	5,3
21,044	5,2
21,044	5,1
21,049	5,3
21,064	5,3
21,082	5,2
21,094	5,4
21,097	5,4
21,096	5,3
21,096	5,4
21,105	5,3
21,119	5,2
21,132	5,4
21,144	5,3
21,157	5,2
21,168	5,3
21,177	5,2
21,181	5,1
21,179	5,3
21,177	5,2
21,174	5,1
21,174	5,3
21,176	5,2
21,181	5,1
21,188	5,2
21,196	5,2
21,204	5,0
21,207	5,2
21,207	5,2
21,207	5,1
21,209	5,2
21,215	5,2
21,220	5,0
21,220	5,2
21,220	5,2
21,218	5,1
21,217	5,3
21,215	5,2
21,212	5,1
21,209	5,3
21,204	5,2
21,203	5,1
21,204	5,3
21,210	5,2
21,218	5,1
21,225	5,3
21,228	5,2
21,231	5,1
21,240	5,3
21,254	5,3
21,270	5,1
21,278	5,3
21,278	5,2
21,276	5,1
21,278	5,3
21,289	5,2
21,302	5,1
21,313	5,3
21,320	5,2
21,330	5,0
21,341	5,2
21,353	5,1
21,363	5,0
21,368	5,2
21,369	5,1
21,368	4,9
21,366	5,1
21,366	5,1
21,366	5,0
21,369	5,1
21,375	5,1
21,386	4,9
21,396	5,1
21,404	5,0
21,405	4,9
21,404	5,1
21,404	5,0
21,408	4,9
21,415	5,1
21,416	5,0
21,416	4,9
21,413	5,1
21,413	5,0
21,413	4,9
21,412	5,1
21,410	5,0
21,407	4,9
21,404	5,1
21,401	5,0
21,401	4,9
21,404	5,0
21,407	5,0
21,410	4,8
21,412	5,0
21,413	5,0
21,418	4,8
21,426	5,0
21,435	5,0
21,443	4,8
21,448	5,0
21,451	5,0
21,456	4,9
21,462	5,0
21,471	5,0
21,482	4,9
21,490	5,1
21,498	5,1
21,506	4,9
21,517	5,1
21,528	5,1
21,536	4,9
21,542	5,1
21,543	5,0
21,545	4,9
21,545	4,8
21,548	5,0
21,553	4,9
21,559	4,8
21,565	5,0
21,573	4,8
21,578	4,7
21,581	4,9
21,581	4,8
21,581	4,7
21,583	4,9
21,587	4,8
21,592	4,7
21,595	4,9
21,595	4,8
21,595	4,7
21,595	4,9
21,595	4,8
21,595	4,7
21,589	4,9
21,586	4,8
21,584	4,7
21,586	5,0
21,589	4,8
21,592	4,7
21,595	5,0
21,598	4,9
21,600	4,8
21,603	5,0
21,609	4,9
21,620	4,8
21,631	5,1
21,639	4,9
21,642	4,8
21,646	5,1
21,650	4,9
21,660	4,8
21,672	5,1
21,686	4,9
21,697	4,8
21,707	5,0
21,716	5,0
21,726	4,9
21,732	5,1
21,734	5,0
21,734	4,9
21,734	5,1
21,732	5,0
21,732	4,9
21,732	5,1
21,734	5,0
21,740	5,0
21,751	5,2
21,763	5,1
21,773	5,0
21,776	5,2
21,774	5,1
21,774	5,1
21,782	5,3
21,793	5,2
21,796	5,1
21,795	5,3
21,789	5,2
21,784	5,1
21,781	5,3
21,774	5,1
21,770	5,0
21,765	5,2
21,762	5,1
21,768	5,0
21,779	5,2
21,784	5,1
21,782	5,1
21,778	5,3
21,778	5,1
21,782	5,0
21,789	5,2
21,795	5,1
21,800	5,1
21,804	5,3
21,812	5,2
21,823	5,0
21,833	5,3
21,840	5,1
21,845	5,0
21,850	5,2
21,854	5,1
21,861	5,0
21,870	5,1
21,878	4,9
21,884	4,8
21,891	5,0
21,898	4,9
21,911	4,7
21,927	4,9
21,944	4,8
21,957	4,7
21,963	5,0
21,963	4,8
21,957	4,7
21,950	4,9
21,949	4,8
21,957	4,8
21,969	4,9
21,979	4,9
21,980	4,8
21,977	5,0
21,974	4,8
21,974	4,7
21,977	5,0
21,979	4,9
21,977	4,8
21,971	5,0
21,964	4,9
21,961	4,8
21,957	5,0
21,957	4,9
21,958	4,8
21,961	5,0
21,964	4,9
21,968	4,8
21,975	5,0
21,986	4,9
21,997	4,8
22,005	5,0
22,008	4,9
22,013	4,8
22,018	5,0
22,027	4,9
22,037	4,7
22,043	4,9
22,049	4,8
22,057	4,6
22,068	4,8
22,084	4,7
22,098	4,5
22,107	4,8
22,112	4,6
22,114	4,5
22,114	4,7
22,115	4,6
22,117	4,5
22,118	4,7
22,120	4,6
22,125	4,5
22,133	4,7
22,147	4,7
22,161	4,6
22,172	4,8
22,175	4,8
22,173	4,7
22,173	4,9
22,177	4,8
22,183	4,7
22,186	4,9
22,184	4,9
22,177	4,7
22,169	4,9
22,166	4,8
22,167	4,7
22,167	4,9
22,167	4,8
22,164	4,7
22,162	4,9
22,164	4,8
22,167	4,7
22,170	4,9
22,170	4,8
22,170	4,7
22,172	4,9
22,178	4,9
22,184	4,8
22,189	5,0
22,194	5,0
22,199	4,8
22,206	5,0
22,217	4,9
22,228	4,7
22,238	4,7
22,242	4,9
22,249	4,8
22,255	4,8
22,264	5,0
22,275	4,8
22,285	4,7
22,294	5,0
22,301	4,8
22,305	4,8
22,308	5,0
22,308	4,8
22,308	4,7
22,310	5,0
22,315	4,8
22,326	4,7
22,337	4,9
22,348	4,8
22,351	4,7
22,351	4,9
22,348	4,8
22,349	4,7
22,354	4,9
22,359	4,7
22,359	4,6
22,357	4,9
22,352	4,7
22,352	4,6
22,352	4,9
22,352	4,8
22,351	4,7
22,351	4,9
22,349	4,8
22,349	4,7
22,349	4,9
22,352	4,8
22,359	4,7
22,365	4,9
22,373	4,8
22,378	4,7
22,379	4,9
22,379	4,8
22,382	4,7
22,393	5,0
22,407	4,9
22,418	4,8
22,426	5,0
22,428	4,9
22,434	4,8
22,444	5,0
22,458	4,9
22,473	4,8
22,483	5,0
22,489	4,9
22,494	4,8
22,500	5,0
22,511	4,8
22,522	4,7
22,530	4,9
22,532	4,8
22,532	4,7
22,527	4,9
22,525	4,8
22,525	4,7
22,532	4,9
22,541	4,8
22,547	4,7
22,547	5,0
22,547	4,9
22,546	4,8
22,547	5,0
22,549	4,9
22,549	4,8
22,549	5,0
22,547	4,9
22,544	4,8
22,543	5,0
22,541	4,9
22,543	4,8
22,544	5,0
22,547	4,9
22,550	4,8
22,555	5,0
22,560	5,0
22,563	4,8
22,568	5,0
22,572	5,0
22,577	4,8
22,580	4,8
22,586	5,0
22,594	4,9
22,604	4,8
22,615	5,0
22,624	4,9
22,634	4,8
22,646	5,0
22,657	4,9
22,667	4,8
22,671	5,0
22,673	4,8
22,678	4,8
22,685	5,0
22,693	4,9
22,701	4,8
22,704	5,0
22,704	4,9
22,707	4,8
22,714	5,0
22,726	4,8
22,744	4,7
22,756	4,9
22,761	4,8
22,758	4,7
22,755	4,9
22,755	4,8
22,756	4,7
22,759	4,9
22,756	4,8
22,751	4,7
22,747	5,0
22,744	4,8
22,744	4,7
22,747	5,0
22,750	4,8
22,750	4,7
22,750	4,9
22,751	4,8
22,756	4,7
22,762	4,9
22,767	4,8
22,770	4,6
22,770	4,8
22,775	4,7
22,784	4,6
22,792	4,8
22,799	4,7
22,802	4,6
22,803	4,8
22,811	4,8
22,822	4,7
22,835	4,9
22,844	4,8
22,849	4,7
22,855	5,0
22,863	4,9
22,874	4,7
22,883	4,9
22,891	4,8
22,898	4,7
22,902	4,9
22,907	4,8
22,912	4,6
22,918	4,9
22,924	4,8
22,929	4,6
22,934	4,8
22,940	4,8
22,946	4,6
22,952	4,9
22,954	4,8
22,954	4,7
22,952	4,9
22,951	4,8
22,949	4,7
22,946	4,8
22,945	4,8
22,945	4,6
22,943	4,8
22,943	4,8
22,943	4,6
22,945	4,8
22,948	4,8
22,949	4,7
22,952	4,9
22,954	4,8
22,956	4,7
22,956	4,9
22,957	4,8
22,962	4,7
22,965	4,9
22,971	4,9
22,976	4,8
22,982	5,0
22,990	5,0
22,998	4,8
23,007	5,0
23,017	5,0
23,025	4,8
23,033	5,0
23,039	4,9
23,044	4,8
23,050	4,9
23,055	4,9
23,059	4,7
23,062	4,6
23,064	4,8
23,066	4,7
23,069	4,6
23,075	4,8
23,081	4,6
23,091	4,5
23,100	4,7
23,110	4,5
23,119	4,4
23,127	4,6
23,135	4,5
23,138	4,4
23,139	4,6
23,141	4,5
23,144	4,4
23,147	4,6
23,149	4,5
23,147	4,4
23,144	4,6
23,141	4,5
23,141	4,3
23,141	4,6
23,139	4,5
23,136	4,4
23,135	4,6
23,135	4,5
23,136	4,4
23,139	4,6
23,141	4,5
23,143	4,4
23,144	4,6
23,144	4,5
23,147	4,4
23,150	4,7
23,155	4,6
23,160	4,5
23,163	4,7
23,166	4,6
23,171	4,5
23,180	4,8
23,191	4,8
23,201	4,6
23,207	4,9
23,212	4,8
23,215	4,7
23,221	4,9
23,229	4,8
23,235	4,7
23,243	4,9
23,248	4,8
23,253	4,7
23,256	4,9
23,260	4,8
23,267	4,6
23,274	4,8
23,281	4,7
23,285	4,6
23,290	4,8
23,293	4,7
23,301	4,6
23,309	4,8
23,314	4,7
23,315	4,6
23,315	4,8
23,317	4,7
23,320	4,6
23,325	4,8
23,326	4,7
23,326	4,6
23,325	4,5
23,325	4,7
23,328	4,6
23,329	4,5
23,331	4,7
23,329	4,6
23,328	4,5
23,325	4,7
23,322	4,6
23,318	4,5
23,317	4,7
23,317	4,6
23,322	4,5
23,328	4,7
23,333	4,6
23,339	4,5
23,347	4,7
23,356	4,6
23,366	4,5
23,372	4,7
23,375	4,6
23,378	4,5
23,384	4,8
23,394	4,6
23,402	4,6
23,411	4,8
23,417	4,6
23,425	4,5
23,433	4,7
23,441	4,6
23,450	4,5
23,460	4,7
23,469	4,7
23,480	4,5
23,487	4,8
23,488	4,7
23,485	4,6
23,485	4,8
23,490	4,7
23,498	4,6
23,505	4,8
23,509	4,7
23,510	4,6
23,512	4,8
23,513	4,7
23,518	4,6
23,523	4,8
23,524	4,7
23,523	4,6
23,520	4,8
23,515	4,8
23,509	4,6
23,502	4,8
23,498	4,7
23,496	4,6
23,501	4,8
23,509	4,7
23,516	4,6
23,523	4,8
23,527	4,8
23,531	4,6
23,537	4,8
23,543	4,8
23,549	4,7
23,556	4,9
23,562	4,8
23,568	4,7
23,575	4,8
23,582	4,8
23,595	4,7
23,608	4,9
23,619	4,8
23,634	4,7
23,645	4,8
23,655	4,7
23,659	4,6
23,661	4,7
23,664	4,7
23,664	4,5
23,664	4,7
23,664	4,7
23,664	4,5
23,669	4,4
23,677	4,6
23,689	4,5
23,705	4,4
23,716	4,6
23,717	4,5
23,713	4,4
23,706	4,6
23,706	4,5
23,716	4,4
23,722	4,6
23,722	4,5
23,714	4,4
23,706	4,6
23,703	4,5
23,702	4,4
23,702	4,6
23,700	4,5
23,700	4,4
23,700	4,6
23,703	4,5
23,708	4,4
23,714	4,6
23,721	4,5
23,722	4,4
23,724	4,6
23,724	4,5
23,728	4,4
23,735	4,6
23,743	4,5
23,747	4,4
23,752	4,7
23,757	4,6
23,763	4,5
23,771	4,7
23,780	4,6
23,787	4,5
23,793	4,7
23,798	4,6
23,804	4,5
23,813	4,8
23,823	4,7
23,831	4,5
23,838	4,8
23,845	4,7
23,853	4,5
23,856	4,8
23,857	4,7
23,857	4,5
23,856	4,8
23,854	4,7
23,854	4,6
23,853	4,8
23,853	4,7
23,857	4,6
23,865	4,8
23,878	4,7
23,887	4,6
23,892	4,8
23,892	4,7
23,890	4,6
23,892	4,8
23,898	4,8
23,906	4,6
23,909	4,8
23,909	4,8
23,906	4,6
23,906	4,9
23,908	4,8
23,908	4,7
23,908	4,8
23,906	4,8
23,904	4,6
23,906	4,8
23,908	4,8
23,908	4,6
23,909	4,8
23,911	4,8
23,911	4,7
23,911	4,9
23,909	4,8
23,908	4,7
23,908	4,9
23,908	4,8
23,911	4,7
23,915	4,9
23,922	4,8
23,931	4,7
23,942	4,9
23,953	4,9
23,961	4,7
23,967	4,9
23,972	4,8
23,977	4,7
23,984	4,8
23,992	4,7
23,999	4,6
24,005	4,7
24,010	4,7
24,016	4,5
24,027	4,6
24,039	4,6
24,052	4,4
24,061	4,6
24,068	4,6
24,069	4,4
24,071	4,6
24,071	4,6
24,072	4,4
24,074	4,3
24,076	4,6
24,080	4,4
24,087	4,3
24,090	4,6
24,091	4,5
24,091	4,4
24,094	4,6
24,098	4,5
24,101	4,4
24,101	4,6
24,099	4,5
24,096	4,3
24,094	4,6
24,093	4,5
24,093	4,4
24,090	4,6
24,088	4,5
24,090	4,4
24,094	4,6
24,099	4,5
24,104	4,4
24,105	4,6
24,109	4,5
24,110	4,3
24,113	4,6
24,113	4,5
24,115	4,3
24,120	4,6
24,127	4,5
24,134	4,3
24,140	4,6
24,143	4,5
24,149	4,3
24,156	4,6
24,165	4,5
24,173	4,4
24,178	4,6
24,182	4,6
24,187	4,4
24,193	4,7
24,201	4,6
24,209	4,5
24,215	4,7
24,220	4,6
24,225	4,5
24,228	4,7
24,231	4,6
24,234	4,5
24,236	4,7
24,237	4,7
24,242	4,5
24,248	4,7
24,253	4,7
24,258	4,5
24,259	4,7
24,259	4,6
24,263	4,5
24,270	4,7
24,278	4,6
24,283	4,5
24,294	4,6
24,302	4,6
24,308	4,5
24,308	4,6
24,300	4,6
24,296	4,5
24,294	4,6
24,294	4,6
24,294	4,5
24,292	4,7
24,292	4,6
24,294	4,5
24,300	4,6
24,308	4,6
24,313	4,5
24,311	4,4
24,308	4,6
24,303	4,5
24,303	4,4
24,307	4,6
24,313	4,5
24,318	4,4
24,322	4,6
24,325	4,5
24,330	4,4
24,339	4,6
24,352	4,5
24,361	4,3
24,366	4,5
24,366	4,4
24,369	4,3
24,377	4,5
24,387	4,4
24,399	4,3
24,409	4,5
24,418	4,4
24,427	4,3
24,435	4,6
24,445	4,5
24,453	4,4
24,454	4,6
24,454	4,5
24,449	4,4
24,446	4,6
24,449	4,5
24,456	4,4
24,465	4,7
24,473	4,6
24,478	4,5
24,478	4,7
24,473	4,6
24,465	4,5
24,467	4,7
24,475	4,6
24,484	4,5
24,487	4,7
24,482	4,6
24,475	4,5
24,475	4,7
24,478	4,7
24,484	4,5
24,486	4,7
24,484	4,7
24,481	4,5
24,471	4,7
24,471	4,7
24,479	4,5
24,486	4,7
24,490	4,7
24,482	4,6
24,479	4,8
24,489	4,7
24,497	4,6
24,503	4,8
24,506	4,7
24,508	4,6
24,514	4,7
24,523	4,7
24,528	4,5
24,533	4,7
24,534	4,6
24,541	4,5
24,550	4,7
24,559	4,6
24,570	4,5
24,581	4,6
24,589	4,6
24,600	4,4
24,611	4,5
24,624	4,5
24,636	4,4
24,646	4,5
24,651	4,5
24,652	4,4
24,649	4,5
24,644	4,5
24,643	4,4
24,644	4,3
24,652	4,5
24,665	4,4
24,677	4,3
24,687	4,5
24,690	4,4
24,688	4,3
24,688	4,6
24,693	4,5
24,705	4,4
24,718	4,6
24,723	4,5
24,718	4,4
24,709	4,6
24,705	4,5
24,709	4,4
24,712	4,6
24,710	4,5
24,702	4,4
24,693	4,6
24,687	4,5
24,685	4,3
24,685	4,6
24,684	4,5
24,684	4,3
24,684	4,6
24,690	4,5
24,696	4,4
24,696	4,6
24,687	4,5
24,668	4,3
24,652	4,6
24,652	4,5
24,666	4,4
24,690	4,6
24,702	4,5
24,702	4,4
24,698	4,6
24,701	4,5
24,721	4,4
24,738	4,6
24,740	4,6
24,732	4,4
24,727	4,6
24,734	4,6
24,753	4,4
24,768	4,6
24,775	4,5
24,775	4,4
24,778	4,6
24,789	4,5
24,808	4,4
24,823	4,5
24,833	4,5
24,836	4,3
24,837	4,5
24,837	4,5
24,837	4,3
24,834	4,5
24,834	4,5
24,839	4,3
24,848	4,5
24,863	4,5
24,875	4,4
24,878	4,5
24,866	4,5
24,842	4,4
24,828	4,3
24,830	4,5
24,848	4,4
24,870	4,3
24,877	4,5
24,870	4,4
24,866	4,3
24,867	4,5
24,875	4,4
24,883	4,3
24,885	4,5
24,885	4,4
24,885	4,3
24,885	4,5
24,885	4,4
24,888	4,3
24,889	4,5
24,891	4,4
24,892	4,3
24,897	4,5
24,905	4,4
24,911	4,3
24,914	4,5
24,916	4,5
24,919	4,3
24,924	4,6
24,927	4,5
24,925	4,4
24,922	4,6
24,919	4,5
24,918	4,4
24,918	4,6
24,918	4,5
24,914	4,4
24,910	4,6
24,905	4,5
24,902	4,4
24,899	4,5
24,891	4,5
24,881	4,4
24,872	4,6
24,866	4,5
24,859	4,4
24,850	4,5
24,842	4,5
24,841	4,4
24,842	4,6
24,842	4,5
24,841	4,4
24,837	4,6
24,837	4,6
24,837	4,5
24,837	4,6
24,839	4,6
24,839	4,5
24,839	4,6
24,839	4,6
24,839	4,5
24,839	4,6
24,839	4,6
24,839	4,5
24,839	4,6
24,839	4,6
24,839	4,5
24,839	4,6
24,839	4,6
24,839	4,5
24,839	4,4
24,839	4,7
24,839	4,5
24,839	4,4
24,839	4,6
24,839	4,5
24,839	4,4
24,839	4,7
24,839	4,5
24,839	4,4
24,839	4,6
24,839	4,5
24,839	4,4
24,839	4,7
24,839	4,6
24,839	4,4
24,839	4,7
24,839	4,6
24,839	4,4
24,839	4,7
24,839	4,6
24,839	4,4
24,839	4,6
24,839	4,5
24,839	4,4
24,839	4,6
24,839	4,5
24,839	4,4
24,839	4,6
24,839	4,5
24,839	4,3
24,839	4,5
24,839	4,5
24,839	4,3
24,839	4,5
24,839	4,4
24,839	4,3
24,839	4,5
24,839	4,4
24,839	4,3
24,839	4,5
24,839	4,5
24,839	4,3
24,839	4,5
24,839	4,5
24,839	4,3
24,839	4,5
24,839	4,5
24,839	4,3
24,839	4,5
24,839	4,5
24,839	4,3
24,839	4,5
24,839	4,5
24,839	4,3
24,839	4,5
24,839	4,5
24,839	4,3
24,839	4,4
24,839	4,4
24,839	4,3
24,839	4,4
24,839	4,5
24,839	4,3
24,839	4,4
24,839	4,4
24,839	4,3
24,839	4,4
24,839	4,5
24,839	4,4
24,839	4,3
24,839	4,5
24,839	4,4
24,839	4,3
24,839	4,5
24,839	4,5
24,839	4,3
24,839	4,5
24,839	4,5
24,839	4,3
24,839	4,5
24,839	4,5
24,839	4,3
24,839	4,5
24,839	4,5
24,839	4,3
24,839	4,5
24,839	4,5
24,839	4,3
24,839	4,5
24,839	4,5
24,839	4,3
24,839	4,5
24,839	4,5
24,839	4,4
24,839	4,5
24,839	4,5
24,839	4,4
24,839	4,5
24,839	4,5
24,839	4,4
24,839	4,6
24,839	4,6
24,839	4,4
24,839	4,6
24,839	4,6
24,839	4,5
24,839	4,6
24,839	4,6
24,839	4,5
24,839	4,6
24,839	4,6
24,839	4,5
24,839	4,6
24,839	4,6
24,839	4,5
24,839	4,6
24,839	4,6
24,839	4,5
24,839	4,6
24,839	4,6
24,839	4,5
24,839	4,6
24,839	4,6
24,839	4,5
24,839	4,6
24,839	4,6
24,839	4,5
24,839	4,4
24,839	4,6
24,839	4,5
24,839	4,4
24,839	4,6
24,839	4,6
24,839	4,4
24,839	4,6
24,839	4,6
24,839	4,4
24,839	4,6
24,839	4,6
24,839	4,4
24,839	4,6
24,839	4,6
24,839	4,4
24,839	4,6
24,839	4,6
24,839	4,4
24,839	4,6
24,839	4,6
24,839	4,4
24,839	4,6
24,839	4,6
24,839	4,4
24,839	4,6
24,839	4,6
24,839	4,4
24,839	4,6
24,839	4,6
24,839	4,4
24,839	4,6
24,839	4,6
24,839	4,4
24,839	4,6
24,839	4,6
24,839	4,4
24,839	4,6
24,839	4,6
24,839	4,4
24,839	4,6
24,839	4,6
24,839	4,4
24,839	4,6
24,839	4,6
24,839	4,4
24,839	4,6
24,839	4,6
24,839	4,4
24,839	4,6
24,839	4,6
24,839	4,4
24,839	4,6
24,839	4,6
24,839	4,4
24,839	4,6
24,839	4,6
24,839	4,5
24,839	4,6
24,839	4,6
24,839	4,5
24,839	4,6
24,839	4,6
24,839	4,5
24,839	4,6
24,839	4,6
24,839	4,5
24,839	4,6
24,839	4,6
24,839	4,5
24,841	4,6
24,841	4,6
24,841	4,5
24,841	4,6
24,841	4,6
24,841	4,5
24,841	4,6
24,841	4,6
24,841	4,5
24,841	4,6
24,841	4,6
24,841	4,5
24,841	4,5
24,841	4,6
24,841	4,5
24,841	4,5
24,841	4,6
24,841	4,5
24,841	4,5
24,841	4,6
24,841	4,5
24,841	4,4
24,841	4,6
24,841	4,5
24,841	4,4
24,841	4,6
24,841	4,5
24,841	4,4
24,841	4,6
24,841	4,5
24,841	4,3
24,841	4,5
24,841	4,5
24,841	4,3
24,841	4,5
24,841	4,5
24,841	4,3
24,841	4,5
24,841	4,5
24,841	4,4
24,841	4,5
24,841	4,5
24,841	4,4
24,841	4,5
24,841	4,5
24,841	4,4
24,841	4,5
24,841	4,5
24,841	4,4
24,841	4,5
24,841	4,5
24,841	4,4
24,841	4,5
24,841	4,5
24,841	4,4
24,841	4,5
24,841	4,5
24,841	4,4
