Temperatur, Messreihe #1
Zeit ( s )	Temperatur ( °C )
0,0000	22,2
0,2000	22,2
0,4000	22,2
0,6000	22,2
0,8000	22,2
1,0000	22,2
1,2000	22,1
1,4000	22,1
1,6000	22,1
1,8000	22,1
2,0000	22,1
2,2000	22,1
2,4000	22,0
2,6000	22,0
2,8000	22,0
3,0000	22,0
3,2000	22,0
3,4000	21,9
3,6000	21,9
3,8000	21,9
4,0000	21,9
4,2000	21,8
4,4000	21,8
4,6000	21,8
4,8000	21,8
5,0000	21,7
5,2000	21,7
5,4000	21,7
5,6000	21,7
5,8000	21,6
6,0000	21,6
6,2000	21,6
6,4000	21,6
6,6000	21,5
6,8000	21,5
7,0000	21,5
7,2000	21,4
7,4000	21,4
7,6000	21,4
7,8000	21,3
8,0000	21,3
8,2000	21,3
8,4000	21,3
8,6000	21,2
8,8000	21,2
9,0000	21,2
9,2000	21,1
9,4000	21,1
9,6000	21,1
9,8000	21,0
10,0000	21,0
10,2000	21,0
10,4000	20,9
10,6000	20,9
10,8000	20,9
11,0000	20,8
11,2000	20,8
11,4000	20,7
11,6000	20,7
11,8000	20,7
12,0000	20,6
12,2000	20,6
12,4000	20,6
12,6000	20,5
12,8000	20,5
13,0000	20,5
13,2000	20,4
13,4000	20,4
13,6000	20,4
13,8000	20,3
14,0000	20,3
14,2000	20,3
14,4000	20,2
14,6000	20,2
14,8000	20,2
15,0000	20,1
15,2000	20,1
15,4000	20,1
15,6000	20,0
15,8000	20,0
16,0000	19,9
16,2000	19,9
16,4000	19,9
16,6000	19,8
16,8000	19,8
17,0000	19,8
17,2000	19,7
17,4000	19,7
17,6000	19,7
17,8000	19,6
18,0000	19,6
18,2000	19,5
18,4000	19,5
18,6000	19,5
18,8000	19,4
19,0000	19,4
19,2000	19,4
19,4000	19,3
19,6000	19,3
19,8000	19,3
20,0000	19,2
20,2000	19,2
20,4000	19,1
20,6000	19,1
20,8000	19,1
21,0000	19,0
21,2000	19,0
21,4000	19,0
21,6000	18,9
21,8000	18,9
22,0000	18,8
22,2000	18,8
22,4000	18,8
22,6000	18,7
22,8000	18,7
23,0000	18,7
23,2000	18,6
23,4000	18,6
23,6000	18,6
23,8000	18,5
24,0000	18,5
24,2000	18,4
24,4000	18,4
24,6000	18,4
24,8000	18,3
25,0000	18,3
25,2000	18,3
25,4000	18,2
25,6000	18,2
25,8000	18,2
26,0000	18,1
26,2000	18,1
26,4000	18,0
26,6000	18,0
26,8000	18,0
27,0000	17,9
27,2000	17,9
27,4000	17,9
27,6000	17,8
27,8000	17,8
28,0000	17,7
28,2000	17,7
28,4000	17,7
28,6000	17,6
28,8000	17,6
29,0000	17,6
29,2000	17,5
29,4000	17,5
29,6000	17,5
29,8000	17,4
30,0000	17,4
30,2000	17,4
30,4000	17,3
30,6000	17,3
30,8000	17,2
31,0000	17,2
31,2000	17,2
31,4000	17,1
31,6000	17,1
31,8000	17,1
32,0000	17,0
32,2000	17,0
32,4000	17,0
32,6000	16,9
32,8000	16,9
33,0000	16,9
33,2000	16,8
33,4000	16,8
33,6000	16,7
33,8000	16,7
34,0000	16,7
34,2000	16,6
34,4000	16,6
34,6000	16,6
34,8000	16,5
35,0000	16,5
35,2000	16,5
35,4000	16,4
35,6000	16,4
35,8000	16,4
36,0000	16,3
36,2000	16,3
36,4000	16,2
36,6000	16,2
36,8000	16,2
37,0000	16,1
37,2000	16,1
37,4000	16,1
37,6000	16,0
37,8000	16,0
38,0000	16,0
38,2000	15,9
38,4000	15,9
38,6000	15,9
38,8000	15,8
39,0000	15,8
39,2000	15,8
39,4000	15,7
39,6000	15,7
39,8000	15,6
40,0000	15,6
40,2000	15,6
40,4000	15,5
40,6000	15,5
40,8000	15,5
41,0000	15,4
41,2000	15,4
41,4000	15,4
41,6000	15,3
41,8000	15,3
42,0000	15,3
42,2000	15,2
42,4000	15,2
42,6000	15,2
42,8000	15,1
43,0000	15,1
43,2000	15,1
43,4000	15,0
43,6000	15,0
43,8000	15,0
44,0000	14,9
44,2000	14,9
44,4000	14,8
44,6000	14,8
44,8000	14,8
45,0000	14,7
45,2000	14,7
45,4000	14,7
45,6000	14,6
45,8000	14,6
46,0000	14,6
46,2000	14,5
46,4000	14,5
46,6000	14,5
46,8000	14,4
47,0000	14,4
47,2000	14,4
47,4000	14,3
47,6000	14,3
47,8000	14,3
48,0000	14,2
48,2000	14,2
48,4000	14,1
48,6000	14,1
48,8000	14,1
49,0000	14,0
49,2000	14,0
49,4000	14,0
49,6000	13,9
49,8000	13,9
50,0000	13,9
50,2000	13,8
50,4000	13,8
50,6000	13,8
50,8000	13,7
51,0000	13,7
51,2000	13,7
51,4000	13,6
51,6000	13,6
51,8000	13,6
52,0000	13,5
52,2000	13,5
52,4000	13,5
52,6000	13,4
52,8000	13,4
53,0000	13,4
53,2000	13,3
53,4000	13,3
53,6000	13,3
53,8000	13,2
54,0000	13,2
54,2000	13,2
54,4000	13,1
54,6000	13,1
54,8000	13,0
55,0000	13,0
55,2000	13,0
55,4000	13,0
55,6000	12,9
55,8000	12,9
56,0000	12,8
56,2000	12,8
56,4000	12,8
56,6000	12,7
56,8000	12,7
57,0000	12,7
57,2000	12,6
57,4000	12,6
57,6000	12,6
57,8000	12,5
58,0000	12,5
58,2000	12,5
58,4000	12,5
58,6000	12,4
58,8000	12,4
59,0000	12,4
59,2000	12,3
59,4000	12,3
59,6000	12,3
59,8000	12,2
60,0000	12,2
60,2000	12,2
60,4000	12,1
60,6000	12,1
60,8000	12,1
61,0000	12,0
61,2000	12,0
61,4000	12,0
61,6000	11,9
61,8000	11,9
62,0000	11,9
62,2000	11,8
62,4000	11,8
62,6000	11,8
62,8000	11,7
63,0000	11,7
63,2000	11,7
63,4000	11,6
63,6000	11,6
63,8000	11,6
64,0000	11,5
64,2000	11,5
64,4000	11,5
64,6000	11,5
64,8000	11,4
65,0000	11,4
65,2000	11,4
65,4000	11,3
65,6000	11,3
65,8000	11,3
66,0000	11,2
66,2000	11,2
66,4000	11,2
66,6000	11,1
66,8000	11,1
67,0000	11,1
67,2000	11,0
67,4000	11,0
67,6000	11,0
67,8000	11,0
68,0000	10,9
68,2000	10,9
68,4000	10,9
68,6000	10,8
68,8000	10,8
69,0000	10,8
69,2000	10,7
69,4000	10,7
69,6000	10,7
69,8000	10,6
70,0000	10,6
70,2000	10,6
70,4000	10,6
70,6000	10,5
70,8000	10,5
71,0000	10,5
71,2000	10,4
71,4000	10,4
71,6000	10,4
71,8000	10,3
72,0000	10,3
72,2000	10,3
72,4000	10,2
72,6000	10,2
72,8000	10,2
73,0000	10,2
73,2000	10,1
73,4000	10,1
73,6000	10,1
73,8000	10,0
74,0000	10,0
74,2000	10,0
74,4000	9,9
74,6000	9,9
74,8000	9,9
75,0000	9,9
75,2000	9,8
75,4000	9,8
75,6000	9,8
75,8000	9,7
76,0000	9,7
76,2000	9,7
76,4000	9,6
76,6000	9,6
76,8000	9,6
77,0000	9,5
77,2000	9,5
77,4000	9,5
77,6000	9,5
77,8000	9,4
78,0000	9,4
78,2000	9,4
78,4000	9,3
78,6000	9,3
78,8000	9,3
79,0000	9,2
79,2000	9,2
79,4000	9,2
79,6000	9,2
79,8000	9,1
80,0000	9,1
80,2000	9,1
80,4000	9,0
80,6000	9,0
80,8000	9,0
81,0000	8,9
81,2000	8,9
81,4000	8,9
81,6000	8,9
81,8000	8,8
82,0000	8,8
82,2000	8,8
82,4000	8,7
82,6000	8,7
82,8000	8,7
83,0000	8,7
83,2000	8,6
83,4000	8,6
83,6000	8,6
83,8000	8,6
84,0000	8,5
84,2000	8,5
84,4000	8,5
84,6000	8,4
84,8000	8,4
85,0000	8,4
85,2000	8,4
85,4000	8,3
85,6000	8,3
85,8000	8,3
86,0000	8,2
86,2000	8,2
86,4000	8,2
86,6000	8,2
86,8000	8,1
87,0000	8,1
87,2000	8,1
87,4000	8,1
87,6000	8,0
87,8000	8,0
88,0000	8,0
88,2000	7,9
88,4000	7,9
88,6000	7,9
88,8000	7,9
89,0000	7,8
89,2000	7,8
89,4000	7,8
89,6000	7,8
89,8000	7,7
90,0000	7,7
90,2000	7,7
90,4000	7,7
90,6000	7,6
90,8000	7,6
91,0000	7,6
91,2000	7,5
91,4000	7,5
91,6000	7,5
91,8000	7,5
92,0000	7,4
92,2000	7,4
92,4000	7,4
92,6000	7,4
92,8000	7,3
93,0000	7,3
93,2000	7,3
93,4000	7,3
93,6000	7,2
93,8000	7,2
94,0000	7,2
94,2000	7,2
94,4000	7,1
94,6000	7,1
94,8000	7,1
95,0000	7,0
95,2000	7,0
95,4000	7,0
95,6000	7,0
95,8000	6,9
96,0000	6,9
96,2000	6,9
96,4000	6,9
96,6000	6,8
96,8000	6,8
97,0000	6,8
97,2000	6,8
97,4000	6,7
97,6000	6,7
97,8000	6,7
98,0000	6,7
98,2000	6,6
98,4000	6,6
98,6000	6,6
98,8000	6,6
99,0000	6,5
99,2000	6,5
99,4000	6,5
99,6000	6,4
99,8000	6,4
100,0000	6,4
100,2000	6,4
100,4000	6,3
100,6000	6,3
100,8000	6,3
101,0000	6,3
101,2000	6,2
101,4000	6,2
101,6000	6,2
101,8000	6,2
102,0000	6,1
102,2000	6,1
102,4000	6,1
102,6000	6,1
102,8000	6,0
103,0000	6,0
103,2000	6,0
103,4000	5,9
103,6000	5,9
103,8000	5,9
104,0000	5,9
104,2000	5,8
104,4000	5,8
104,6000	5,8
104,8000	5,8
105,0000	5,7
0,0000	5,7
0,1000	5,7
0,2000	5,7
0,3000	5,7
0,4000	5,6
0,5000	5,6
0,6000	5,6
0,7000	5,6
0,8000	5,6
0,9000	5,6
1,0000	5,6
1,1000	5,6
1,2000	5,5
1,3000	5,5
1,4000	5,5
1,5000	5,5
1,6000	5,5
1,7000	5,5
1,8000	5,5
1,9000	5,5
2,0000	5,4
2,1000	5,4
2,2000	5,4
2,3000	5,4
2,4000	5,4
2,5000	5,4
2,6000	5,4
2,7000	5,3
2,8000	5,3
2,9000	5,3
3,0000	5,3
3,1000	5,3
3,2000	5,3
3,3000	5,3
3,4000	5,3
3,5000	5,2
3,6000	5,2
3,7000	5,2
3,8000	5,2
3,9000	5,2
4,0000	5,2
4,1000	5,2
4,2000	5,2
4,3000	5,1
4,4000	5,1
4,5000	5,1
4,6000	5,1
4,7000	5,1
4,8000	5,1
4,9000	5,1
5,0000	5,0
5,1000	5,0
5,2000	5,0
5,3000	5,0
5,4000	5,0
5,5000	5,0
5,6000	5,0
5,7000	4,9
5,8000	4,9
5,9000	4,9
6,0000	4,9
6,1000	4,9
6,2000	4,9
6,3000	4,9
6,4000	4,9
6,5000	4,8
6,6000	4,8
6,7000	4,8
6,8000	4,8
6,9000	4,8
7,0000	4,8
7,1000	4,8
7,2000	4,8
7,3000	4,7
7,4000	4,7
7,5000	4,7
7,6000	4,7
7,7000	4,7
7,8000	4,7
7,9000	4,7
8,0000	4,6
8,1000	4,6
8,2000	4,6
8,3000	4,6
8,4000	4,6
8,5000	4,6
8,6000	4,6
8,7000	4,6
8,8000	4,5
8,9000	4,5
9,0000	4,5
9,1000	4,5
9,2000	4,5
9,3000	4,5
9,4000	4,5
9,5000	4,5
9,6000	4,4
9,7000	4,4
9,8000	4,4
9,9000	4,4
10,0000	4,4
10,1000	4,4
10,2000	4,4
10,3000	4,4
10,4000	4,3
10,5000	4,3
10,6000	4,3
10,7000	4,3
10,8000	4,3
10,9000	4,3
11,0000	4,3
11,1000	4,3
11,2000	4,2
11,3000	4,2
11,4000	4,2
11,5000	4,2
11,6000	4,2
11,7000	4,2
11,8000	4,2
11,9000	4,1
12,0000	4,1
12,1000	4,1
12,2000	4,1
12,3000	4,1
12,4000	4,1
12,5000	4,1
12,6000	4,1
12,7000	4,1
12,8000	4,0
12,9000	4,0
13,0000	4,0
13,1000	4,0
13,2000	4,0
13,3000	4,0
13,4000	4,0
13,5000	3,9
13,6000	3,9
13,7000	3,9
13,8000	3,9
13,9000	3,9
14,0000	3,9
14,1000	3,9
14,2000	3,9
14,3000	3,8
14,4000	3,8
14,5000	3,8
14,6000	3,8
14,7000	3,8
14,8000	3,8
14,9000	3,8
15,0000	3,8
15,1000	3,7
15,2000	3,7
15,3000	3,7
15,4000	3,7
15,5000	3,7
15,6000	3,7
15,7000	3,7
15,8000	3,7
15,9000	3,6
16,0000	3,6
16,1000	3,6
16,2000	3,6
16,3000	3,6
16,4000	3,6
16,5000	3,6
16,6000	3,6
16,7000	3,5
16,8000	3,5
16,9000	3,5
17,0000	3,5
17,1000	3,5
17,2000	3,5
17,3000	3,5
17,4000	3,5
17,5000	3,4
17,6000	3,4
17,7000	3,4
17,8000	3,4
17,9000	3,4
18,0000	3,4
18,1000	3,4
18,2000	3,4
18,3000	3,3
18,4000	3,3
18,5000	3,3
18,6000	3,3
18,7000	3,3
18,8000	3,3
18,9000	3,3
19,0000	3,2
19,1000	3,2
19,2000	3,2
19,3000	3,2
19,4000	3,2
19,5000	3,2
19,6000	3,2
19,7000	3,2
19,8000	3,1
19,9000	3,1
20,0000	3,1
20,1000	3,1
20,2000	3,1
20,3000	3,1
20,4000	3,1
20,5000	3,0
20,6000	3,0
20,7000	3,0
20,8000	3,0
20,9000	3,0
21,0000	3,0
21,1000	3,0
21,2000	2,9
21,3000	2,9
21,4000	2,9
21,5000	2,9
21,6000	2,9
21,7000	2,9
21,8000	2,9
21,9000	2,9
22,0000	2,8
22,1000	2,8
22,2000	2,8
22,3000	2,8
22,4000	2,8
22,5000	2,8
22,6000	2,8
22,7000	2,7
22,8000	2,7
22,9000	2,7
23,0000	2,7
23,1000	2,7
23,2000	2,7
23,3000	2,7
23,4000	2,6
23,5000	2,6
23,6000	2,6
23,7000	2,6
23,8000	2,6
23,9000	2,6
24,0000	2,6
24,1000	2,6
24,2000	2,5
24,3000	2,5
24,4000	2,5
24,5000	2,5
24,6000	2,5
24,7000	2,5
24,8000	2,5
24,9000	2,4
25,0000	2,4
25,1000	2,4
25,2000	2,4
25,3000	2,4
25,4000	2,4
25,5000	2,4
25,6000	2,4
25,7000	2,3
25,8000	2,3
25,9000	2,3
26,0000	2,3
26,1000	2,3
26,2000	2,3
26,3000	2,3
26,4000	2,2
26,5000	2,2
26,6000	2,2
26,7000	2,2
26,8000	2,2
26,9000	2,2
27,0000	2,2
27,1000	2,2
27,2000	2,1
27,3000	2,1
27,4000	2,1
27,5000	2,1
27,6000	2,1
27,7000	2,1
27,8000	2,1
27,9000	2,0
28,0000	2,0
28,1000	2,0
28,2000	2,0
28,3000	2,0
28,4000	2,0
28,5000	2,0
28,6000	2,0
28,7000	1,9
28,8000	1,9
28,9000	1,9
29,0000	1,9
29,1000	1,9
29,2000	1,9
29,3000	1,9
29,4000	1,9
29,5000	1,8
29,6000	1,8
29,7000	1,8
29,8000	1,8
29,9000	1,8
30,0000	1,8
30,1000	1,8
30,2000	1,7
30,3000	1,7
30,4000	1,7
30,5000	1,7
30,6000	1,7
30,7000	1,7
30,8000	1,7
30,9000	1,7
31,0000	1,6
31,1000	1,6
31,2000	1,6
31,3000	1,6
31,4000	1,6
31,5000	1,6
31,6000	1,6
31,7000	1,5
31,8000	1,5
31,9000	1,5
32,0000	1,5
32,1000	1,5
32,2000	1,5
32,3000	1,5
32,4000	1,4
32,5000	1,4
32,6000	1,4
32,7000	1,4
32,8000	1,4
32,9000	1,4
33,0000	1,4
33,1000	1,4
33,2000	1,3
33,3000	1,3
33,4000	1,3
33,5000	1,3
33,6000	1,3
33,7000	1,3
33,8000	1,3
33,9000	1,3
34,0000	1,2
34,1000	1,2
34,2000	1,2
34,3000	1,2
34,4000	1,2
34,5000	1,2
34,6000	1,2
34,7000	1,1
34,8000	1,1
34,9000	1,1
35,0000	1,1
35,1000	1,1
35,2000	1,1
35,3000	1,1
35,4000	1,1
35,5000	1,0
35,6000	1,0
35,7000	1,0
35,8000	1,0
35,9000	1,0
36,0000	1,0
36,1000	1,0
36,2000	0,9
36,3000	0,9
36,4000	0,9
36,5000	0,9
36,6000	0,9
36,7000	0,9
36,8000	0,9
36,9000	0,9
37,0000	0,8
37,1000	0,8
37,2000	0,8
37,3000	0,8
37,4000	0,8
37,5000	0,8
37,6000	0,8
37,7000	0,7
37,8000	0,7
37,9000	0,7
38,0000	0,7
38,1000	0,7
38,2000	0,7
38,3000	0,7
38,4000	0,7
38,5000	0,6
38,6000	0,6
38,7000	0,6
38,8000	0,6
38,9000	0,6
39,0000	0,6
39,1000	0,6
39,2000	0,5
39,3000	0,5
39,4000	0,5
39,5000	0,5
39,6000	0,5
39,7000	0,5
39,8000	0,5
39,9000	0,5
40,0000	0,4
40,1000	0,4
40,2000	0,4
40,3000	0,4
40,4000	0,4
40,5000	0,4
40,6000	0,4
40,7000	0,3
40,8000	0,3
40,9000	0,3
41,0000	0,3
41,1000	0,3
41,2000	0,3
41,3000	0,3
41,4000	0,3
41,5000	0,2
41,6000	0,2
41,7000	0,2
41,8000	0,2
41,9000	0,2
42,0000	0,2
42,1000	0,2
42,2000	0,1
42,3000	0,1
42,4000	0,1
42,5000	0,1
42,6000	0,1
42,7000	0,1
42,8000	0,1
42,9000	0,1
43,0000	0,0
43,1000	0,0
43,2000	0,0
43,3000	-5,5E-4
43,4000	0,0
43,5000	0,0
43,6000	0,0
43,7000	-0,1
43,8000	-0,1
43,9000	-0,1
44,0000	-0,1
44,1000	-0,1
44,2000	-0,1
44,3000	-0,1
44,4000	-0,2
44,5000	-0,2
44,6000	-0,2
44,7000	-0,2
44,8000	-0,2
44,9000	-0,2
45,0000	-0,2
45,1000	-0,2
45,2000	-0,3
45,3000	-0,3
45,4000	-0,3
45,5000	-0,3
45,6000	-0,3
45,7000	-0,3
45,8000	-0,3
45,9000	-0,4
46,0000	-0,4
46,1000	-0,4
46,2000	-0,4
46,3000	-0,4
46,4000	-0,4
46,5000	-0,4
46,6000	-0,5
46,7000	-0,5
46,8000	-0,5
46,9000	-0,5
47,0000	-0,5
47,1000	-0,5
47,2000	-0,5
47,3000	-0,5
47,4000	-0,6
47,5000	-0,6
47,6000	-0,6
47,7000	-0,6
47,8000	-0,6
47,9000	-0,6
48,0000	-0,6
48,1000	-0,7
48,2000	-0,7
48,3000	-0,7
48,4000	-0,7
48,5000	-0,7
48,6000	-0,7
48,7000	-0,7
48,8000	-0,8
48,9000	-0,8
49,0000	-0,8
49,1000	-0,8
49,2000	-0,8
49,3000	-0,8
49,4000	-0,8
49,5000	-0,8
49,6000	-0,9
49,7000	-0,9
49,8000	-0,9
49,9000	-0,9
50,0000	-0,9
50,1000	-0,9
50,2000	-0,9
50,3000	-0,9
50,4000	-1,0
50,5000	-1,0
0,0000	-1,3
0,1000	-1,3
0,2000	-1,3
0,3000	-1,3
0,4000	-1,4
0,5000	-1,4
0,6000	-1,4
0,7000	-1,4
0,8000	-1,4
0,9000	-1,4
1,0000	-1,4
1,1000	-1,4
1,2000	-1,5
1,3000	-1,5
1,4000	-1,5
1,5000	-1,5
1,6000	-1,5
1,7000	-1,5
1,8000	-1,5
1,9000	-1,5
2,0000	-1,6
2,1000	-1,6
2,2000	-1,6
2,3000	-1,6
2,4000	-1,6
2,5000	-1,6
2,6000	-1,6
2,7000	-1,6
2,8000	-1,7
2,9000	-1,7
3,0000	-1,7
3,1000	-1,7
3,2000	-1,7
3,3000	-1,7
3,4000	-1,7
3,5000	-1,7
3,6000	-1,8
3,7000	-1,8
3,8000	-1,8
3,9000	-1,8
4,0000	-1,8
4,1000	-1,8
4,2000	-1,8
4,3000	-1,8
4,4000	-1,9
4,5000	-1,9
4,6000	-1,9
4,7000	-1,9
4,8000	-1,9
4,9000	-1,9
5,0000	-1,9
5,1000	-1,9
5,2000	-1,9
5,3000	-2,0
5,4000	-2,0
5,5000	-2,0
5,6000	-2,0
5,7000	-2,0
5,8000	-2,0
5,9000	-2,0
6,0000	-2,0
6,1000	-2,1
6,2000	-2,1
6,3000	-2,1
6,4000	-2,1
6,5000	-2,1
6,6000	-2,1
6,7000	-2,1
6,8000	-2,1
6,9000	-2,1
7,0000	-2,2
7,1000	-2,2
7,2000	-2,2
7,3000	-2,2
7,4000	-2,2
7,5000	-2,2
7,6000	-2,2
7,7000	-2,2
7,8000	-2,3
7,9000	-2,3
8,0000	-2,3
8,1000	-2,3
8,2000	-2,3
8,3000	-2,3
8,4000	-2,3
8,5000	-2,3
8,6000	-2,3
8,7000	-2,4
8,8000	-2,4
8,9000	-2,4
9,0000	-2,4
9,1000	-2,4
9,2000	-2,4
9,3000	-2,4
9,4000	-2,4
9,5000	-2,5
9,6000	-2,5
9,7000	-2,5
9,8000	-2,5
9,9000	-2,5
10,0000	-2,5
10,1000	-2,5
10,2000	-2,5
10,3000	-2,5
10,4000	-2,6
10,5000	-2,6
10,6000	-2,6
10,7000	-2,6
10,8000	-2,6
10,9000	-2,6
11,0000	-2,6
11,1000	-2,6
11,2000	-2,7
11,3000	-2,7
11,4000	-2,7
11,5000	-2,7
11,6000	-2,7
11,7000	-2,7
11,8000	-2,7
11,9000	-2,7
12,0000	-2,8
12,1000	-2,8
12,2000	-2,8
12,3000	-2,8
12,4000	-2,8
12,5000	-2,8
12,6000	-2,8
12,7000	-2,8
12,8000	-2,8
12,9000	-2,9
13,0000	-2,9
13,1000	-2,9
13,2000	-2,9
13,3000	-2,9
13,4000	-2,9
13,5000	-2,9
13,6000	-2,9
13,7000	-2,9
13,8000	-3,0
13,9000	-3,0
14,0000	-3,0
14,1000	-3,0
14,2000	-3,0
14,3000	-3,0
14,4000	-3,0
14,5000	-3,0
14,6000	-3,1
14,7000	-3,1
14,8000	-3,1
14,9000	-3,1
15,0000	-3,1
15,1000	-3,1
15,2000	-3,1
15,3000	-3,1
15,4000	-3,1
15,5000	-3,2
15,6000	-3,2
15,7000	-3,2
15,8000	-3,2
15,9000	-3,2
16,0000	-3,2
16,1000	-3,2
16,2000	-3,2
16,3000	-3,2
16,4000	-3,3
16,5000	-3,3
16,6000	-3,3
16,7000	-3,3
16,8000	-3,3
16,9000	-3,3
17,0000	-3,3
17,1000	-3,3
17,2000	-3,4
17,3000	-3,4
17,4000	-3,4
17,5000	-3,4
17,6000	-3,4
17,7000	-3,4
17,8000	-3,4
17,9000	-3,4
18,0000	-3,4
18,1000	-3,5
18,2000	-3,5
18,3000	-3,5
18,4000	-3,5
18,5000	-3,5
18,6000	-3,5
18,7000	-3,5
18,8000	-3,5
18,9000	-3,6
19,0000	-3,6
19,1000	-3,6
19,2000	-3,6
19,3000	-3,6
19,4000	-3,6
19,5000	-3,6
19,6000	-3,6
19,7000	-3,6
19,8000	-3,7
19,9000	-3,7
20,0000	-3,7
20,1000	-3,7
20,2000	-3,7
20,3000	-3,7
20,4000	-3,7
20,5000	-3,7
20,6000	-3,8
20,7000	-3,8
20,8000	-3,8
20,9000	-3,8
21,0000	-3,8
21,1000	-3,8
21,2000	-3,8
21,3000	-3,8
21,4000	-3,8
21,5000	-3,9
21,6000	-3,9
21,7000	-3,9
21,8000	-3,9
21,9000	-3,9
22,0000	-3,9
22,1000	-3,9
22,2000	-3,9
22,3000	-3,9
22,4000	-4,0
22,5000	-4,0
22,6000	-4,0
22,7000	-4,0
22,8000	-4,0
22,9000	-4,0
23,0000	-4,0
23,1000	-4,0
23,2000	-4,0
23,3000	-4,1
23,4000	-4,1
23,5000	-4,1
23,6000	-4,1
23,7000	-4,1
23,8000	-4,1
23,9000	-4,1
24,0000	-4,1
24,1000	-4,1
24,2000	-4,2
24,3000	-4,2
24,4000	-4,2
24,5000	-4,2
24,6000	-4,2
24,7000	-4,2
24,8000	-4,2
24,9000	-4,2
25,0000	-4,2
25,1000	-4,2
25,2000	-4,3
25,3000	-4,3
25,4000	-4,3
25,5000	-4,3
25,6000	-4,2
25,7000	-4,1
25,8000	-3,9
25,9000	-3,6
26,0000	-3,4
26,1000	-3,2
26,2000	-3,0
26,3000	-2,8
26,4000	-2,6
26,5000	-2,4
26,6000	-2,3
26,7000	-2,1
26,8000	-2,0
26,9000	-1,8
27,0000	-1,7
27,1000	-1,6
27,2000	-1,5
27,3000	-1,4
27,4000	-1,3
27,5000	-1,2
27,6000	-1,1
27,7000	-1,0
27,8000	-1,0
27,9000	-0,9
28,0000	-0,8
28,1000	-0,8
28,2000	-0,7
28,3000	-0,6
28,4000	-0,6
28,5000	-0,5
28,6000	-0,5
28,7000	-0,5
28,8000	-0,4
28,9000	-0,4
29,0000	-0,3
29,1000	-0,3
29,2000	-0,3
29,3000	-0,2
29,4000	-0,2
29,5000	-0,2
29,6000	-0,1
29,7000	-0,1
29,8000	-0,1
29,9000	-0,1
30,0000	-0,1
30,1000	0,0
30,2000	0,0
30,3000	0,0
30,4000	0,0
30,5000	0,0
30,6000	0,1
30,7000	0,1
30,8000	0,1
30,9000	0,1
31,0000	0,1
31,1000	0,1
31,2000	0,1
31,3000	0,1
31,4000	0,2
31,5000	0,2
31,6000	0,2
31,7000	0,2
31,8000	0,2
31,9000	0,2
32,0000	0,2
32,1000	0,2
32,2000	0,2
32,3000	0,2
32,4000	0,2
32,5000	0,2
32,6000	0,2
32,7000	0,3
32,8000	0,3
32,9000	0,3
33,0000	0,3
33,1000	0,3
33,2000	0,3
33,3000	0,3
33,4000	0,3
33,5000	0,3
33,6000	0,3
33,7000	0,3
33,8000	0,3
33,9000	0,3
34,0000	0,3
34,1000	0,3
34,2000	0,3
34,3000	0,3
34,4000	0,3
34,5000	0,3
34,6000	0,3
34,7000	0,3
34,8000	0,3
34,9000	0,3
35,0000	0,3
35,1000	0,3
35,2000	0,3
35,3000	0,3
35,4000	0,3
35,5000	0,3
35,6000	0,3
35,7000	0,3
35,8000	0,3
35,9000	0,3
36,0000	0,3
36,1000	0,3
36,2000	0,3
36,3000	0,3
36,4000	0,3
36,5000	0,3
36,6000	0,4
36,7000	0,4
36,8000	0,4
36,9000	0,4
37,0000	0,4
37,1000	0,4
37,2000	0,4
37,3000	0,4
37,4000	0,4
37,5000	0,4
37,6000	0,4
37,7000	0,4
37,8000	0,4
37,9000	0,4
38,0000	0,4
38,1000	0,4
38,2000	0,4
38,3000	0,4
38,4000	0,4
38,5000	0,4
38,6000	0,4
38,7000	0,4
38,8000	0,4
38,9000	0,4
39,0000	0,4
39,1000	0,4
39,2000	0,4
39,3000	0,4
39,4000	0,4
39,5000	0,4
39,6000	0,4
39,7000	0,4
39,8000	0,4
39,9000	0,4
40,0000	0,4
40,1000	0,4
40,2000	0,4
40,3000	0,4
40,4000	0,4
40,5000	0,4
40,6000	0,4
40,7000	0,4
40,8000	0,4
40,9000	0,4
41,0000	0,4
41,1000	0,4
41,2000	0,4
41,3000	0,4
41,4000	0,4
41,5000	0,4
41,6000	0,4
41,7000	0,4
41,8000	0,4
41,9000	0,4
42,0000	0,4
42,1000	0,4
42,2000	0,4
42,3000	0,4
42,4000	0,4
42,5000	0,4
42,6000	0,4
42,7000	0,4
42,8000	0,4
42,9000	0,4
43,0000	0,4
43,1000	0,4
43,2000	0,4
43,3000	0,4
43,4000	0,4
43,5000	0,4
43,6000	0,4
43,7000	0,4
43,8000	0,4
43,9000	0,4
44,0000	0,4
44,1000	0,4
44,2000	0,4
44,3000	0,4
44,4000	0,4
44,5000	0,4
44,6000	0,4
44,7000	0,4
44,8000	0,4
44,9000	0,4
45,0000	0,4
45,1000	0,4
45,2000	0,4
45,3000	0,4
45,4000	0,4
45,5000	0,4
45,6000	0,4
45,7000	0,4
45,8000	0,4
45,9000	0,4
46,0000	0,4
46,1000	0,4
46,2000	0,4
46,3000	0,4
46,4000	0,4
46,5000	0,4
46,6000	0,4
46,7000	0,4
46,8000	0,4
46,9000	0,4
47,0000	0,4
47,1000	0,4
47,2000	0,4
47,3000	0,4
47,4000	0,4
47,5000	0,4
47,6000	0,4
47,7000	0,4
47,8000	0,4
47,9000	0,4
48,0000	0,4
48,1000	0,4
48,2000	0,4
48,3000	0,4
48,4000	0,4
48,5000	0,4
48,6000	0,4
48,7000	0,4
48,8000	0,4
48,9000	0,4
49,0000	0,4
49,1000	0,4
49,2000	0,4
49,3000	0,4
49,4000	0,4
49,5000	0,4
49,6000	0,4
49,7000	0,4
49,8000	0,4
49,9000	0,4
50,0000	0,4
50,1000	0,4
50,2000	0,4
50,3000	0,4
50,4000	0,4
50,5000	0,4
50,6000	0,4
50,7000	0,4
50,8000	0,4
50,9000	0,4
51,0000	0,4
0,0000	0,4
0,1000	0,4
0,2000	0,4
0,3000	0,4
0,4000	0,4
0,5000	0,4
0,6000	0,4
0,7000	0,4
0,8000	0,4
0,9000	0,4
1,0000	0,4
1,1000	0,4
1,2000	0,4
1,3000	0,4
1,4000	0,4
1,5000	0,4
1,6000	0,4
1,7000	0,4
1,8000	0,4
1,9000	0,4
2,0000	0,4
2,1000	0,4
2,2000	0,4
2,3000	0,4
2,4000	0,4
2,5000	0,4
2,6000	0,4
2,7000	0,4
2,8000	0,4
2,9000	0,4
3,0000	0,4
3,1000	0,4
3,2000	0,4
3,3000	0,4
3,4000	0,4
3,5000	0,4
3,6000	0,4
3,7000	0,4
3,8000	0,4
3,9000	0,4
4,0000	0,4
4,1000	0,4
4,2000	0,4
4,3000	0,4
4,4000	0,4
4,5000	0,4
4,6000	0,4
4,7000	0,4
4,8000	0,4
4,9000	0,4
5,0000	0,4
5,1000	0,4
5,2000	0,4
5,3000	0,4
5,4000	0,4
5,5000	0,4
5,6000	0,4
5,7000	0,4
5,8000	0,4
5,9000	0,4
6,0000	0,4
6,1000	0,4
6,2000	0,4
6,3000	0,4
6,4000	0,4
6,5000	0,4
6,6000	0,4
6,7000	0,4
6,8000	0,4
6,9000	0,4
7,0000	0,4
7,1000	0,4
7,2000	0,4
7,3000	0,4
7,4000	0,4
7,5000	0,4
7,6000	0,4
7,7000	0,4
7,8000	0,4
7,9000	0,4
8,0000	0,4
8,1000	0,4
8,2000	0,4
8,3000	0,4
8,4000	0,4
8,5000	0,4
8,6000	0,4
8,7000	0,4
8,8000	0,4
8,9000	0,4
9,0000	0,4
9,1000	0,4
9,2000	0,4
9,3000	0,4
9,4000	0,4
9,5000	0,4
9,6000	0,4
9,7000	0,4
9,8000	0,4
9,9000	0,4
10,0000	0,4
10,1000	0,4
10,2000	0,4
10,3000	0,4
10,4000	0,4
10,5000	0,4
10,6000	0,4
10,7000	0,4
10,8000	0,4
10,9000	0,4
11,0000	0,4
11,1000	0,4
11,2000	0,4
11,3000	0,4
11,4000	0,4
11,5000	0,4
11,6000	0,4
11,7000	0,4
11,8000	0,4
11,9000	0,4
12,0000	0,4
12,1000	0,4
12,2000	0,4
12,3000	0,4
12,4000	0,4
12,5000	0,4
12,6000	0,4
12,7000	0,4
12,8000	0,4
12,9000	0,4
13,0000	0,4
13,1000	0,4
13,2000	0,4
13,3000	0,4
13,4000	0,4
13,5000	0,4
13,6000	0,4
13,7000	0,4
13,8000	0,4
13,9000	0,4
14,0000	0,4
14,1000	0,4
14,2000	0,4
14,3000	0,4
14,4000	0,4
14,5000	0,4
14,6000	0,4
14,7000	0,4
14,8000	0,4
14,9000	0,4
15,0000	0,4
15,1000	0,4
15,2000	0,4
15,3000	0,4
15,4000	0,4
15,5000	0,4
15,6000	0,4
15,7000	0,4
15,8000	0,4
15,9000	0,4
16,0000	0,4
16,1000	0,4
16,2000	0,4
16,3000	0,4
16,4000	0,4
16,5000	0,4
16,6000	0,4
16,7000	0,4
16,8000	0,4
16,9000	0,4
17,0000	0,4
17,1000	0,4
17,2000	0,4
17,3000	0,4
17,4000	0,4
17,5000	0,4
17,6000	0,4
17,7000	0,4
17,8000	0,4
17,9000	0,4
18,0000	0,4
18,1000	0,4
18,2000	0,4
18,3000	0,4
18,4000	0,4
18,5000	0,4
18,6000	0,4
18,7000	0,4
18,8000	0,4
18,9000	0,4
19,0000	0,4
19,1000	0,4
19,2000	0,4
19,3000	0,4
19,4000	0,4
19,5000	0,4
19,6000	0,4
19,7000	0,4
19,8000	0,4
19,9000	0,4
20,0000	0,4
20,1000	0,4
20,2000	0,4
20,3000	0,4
20,4000	0,4
20,5000	0,4
20,6000	0,4
20,7000	0,4
20,8000	0,4
20,9000	0,4
21,0000	0,4
21,1000	0,4
21,2000	0,4
21,3000	0,4
21,4000	0,4
21,5000	0,4
21,6000	0,4
21,7000	0,4
21,8000	0,4
21,9000	0,4
22,0000	0,4
22,1000	0,4
22,2000	0,4
22,3000	0,4
22,4000	0,4
22,5000	0,4
22,6000	0,4
22,7000	0,4
22,8000	0,4
22,9000	0,4
23,0000	0,4
23,1000	0,4
23,2000	0,4
23,3000	0,4
23,4000	0,4
23,5000	0,4
23,6000	0,4
23,7000	0,4
23,8000	0,4
23,9000	0,4
24,0000	0,4
24,1000	0,4
24,2000	0,4
24,3000	0,4
24,4000	0,4
24,5000	0,4
24,6000	0,4
24,7000	0,4
24,8000	0,4
24,9000	0,4
25,0000	0,4
25,1000	0,4
25,2000	0,4
25,3000	0,4
25,4000	0,4
25,5000	0,4
25,6000	0,4
25,7000	0,4
25,8000	0,4
25,9000	0,4
26,0000	0,4
26,1000	0,4
26,2000	0,4
26,3000	0,4
26,4000	0,4
26,5000	0,4
26,6000	0,4
26,7000	0,4
26,8000	0,4
26,9000	0,4
27,0000	0,4
27,1000	0,4
27,2000	0,4
27,3000	0,4
27,4000	0,4
27,5000	0,4
27,6000	0,4
27,7000	0,4
27,8000	0,4
27,9000	0,4
28,0000	0,4
28,1000	0,4
28,2000	0,4
28,3000	0,4
28,4000	0,4
28,5000	0,4
28,6000	0,4
28,7000	0,4
28,8000	0,4
28,9000	0,4
29,0000	0,4
29,1000	0,4
29,2000	0,4
29,3000	0,4
29,4000	0,4
29,5000	0,4
29,6000	0,4
29,7000	0,4
29,8000	0,4
29,9000	0,4
30,0000	0,4
30,1000	0,4
30,2000	0,4
30,3000	0,4
30,4000	0,4
30,5000	0,4
30,6000	0,4
30,7000	0,4
30,8000	0,4
30,9000	0,4
31,0000	0,4
31,1000	0,4
31,2000	0,4
31,3000	0,4
31,4000	0,4
31,5000	0,4
31,6000	0,4
31,7000	0,4
31,8000	0,4
31,9000	0,4
32,0000	0,4
32,1000	0,4
32,2000	0,4
32,3000	0,4
32,4000	0,4
32,5000	0,4
32,6000	0,4
32,7000	0,4
32,8000	0,4
32,9000	0,4
33,0000	0,4
33,1000	0,4
33,2000	0,4
33,3000	0,4
33,4000	0,4
33,5000	0,4
33,6000	0,4
33,7000	0,4
33,8000	0,4
33,9000	0,4
34,0000	0,4
34,1000	0,4
34,2000	0,4
34,3000	0,4
34,4000	0,4
34,5000	0,4
34,6000	0,4
34,7000	0,4
34,8000	0,4
34,9000	0,4
35,0000	0,4
35,1000	0,4
35,2000	0,4
35,3000	0,4
35,4000	0,4
35,5000	0,4
35,6000	0,4
35,7000	0,4
35,8000	0,4
35,9000	0,4
36,0000	0,4
36,1000	0,4
36,2000	0,4
36,3000	0,4
36,4000	0,4
36,5000	0,4
36,6000	0,4
36,7000	0,4
36,8000	0,4
36,9000	0,4
37,0000	0,4
37,1000	0,4
37,2000	0,4
37,3000	0,4
37,4000	0,4
37,5000	0,4
37,6000	0,4
37,7000	0,4
37,8000	0,4
37,9000	0,4
38,0000	0,4
38,1000	0,4
38,2000	0,4
38,3000	0,4
38,4000	0,4
38,5000	0,4
38,6000	0,4
38,7000	0,4
38,8000	0,4
38,9000	0,4
39,0000	0,4
39,1000	0,4
39,2000	0,4
39,3000	0,4
39,4000	0,4
39,5000	0,4
39,6000	0,4
39,7000	0,4
39,8000	0,4
39,9000	0,4
40,0000	0,4
40,1000	0,4
40,2000	0,4
40,3000	0,4
40,4000	0,4
40,5000	0,4
40,6000	0,4
40,7000	0,4
40,8000	0,4
40,9000	0,4
41,0000	0,4
41,1000	0,4
41,2000	0,4
41,3000	0,4
41,4000	0,4
41,5000	0,4
41,6000	0,4
41,7000	0,4
41,8000	0,4
41,9000	0,4
42,0000	0,4
42,1000	0,4
42,2000	0,4
42,3000	0,4
42,4000	0,4
42,5000	0,4
42,6000	0,4
42,7000	0,4
42,8000	0,4
42,9000	0,4
43,0000	0,4
43,1000	0,4
43,2000	0,4
43,3000	0,4
43,4000	0,4
43,5000	0,4
43,6000	0,4
43,7000	0,4
43,8000	0,4
43,9000	0,4
44,0000	0,4
44,1000	0,4
44,2000	0,4
44,3000	0,4
44,4000	0,4
44,5000	0,4
44,6000	0,4
44,7000	0,4
44,8000	0,4
44,9000	0,4
45,0000	0,4
45,1000	0,4
45,2000	0,4
45,3000	0,4
45,4000	0,4
45,5000	0,4
45,6000	0,4
45,7000	0,4
45,8000	0,4
45,9000	0,4
46,0000	0,4
46,1000	0,4
46,2000	0,4
46,3000	0,4
46,4000	0,4
46,5000	0,4
46,6000	0,4
46,7000	0,4
46,8000	0,4
46,9000	0,4
47,0000	0,4
47,1000	0,4
47,2000	0,4
47,3000	0,4
47,4000	0,4
47,5000	0,4
47,6000	0,4
47,7000	0,4
47,8000	0,4
47,9000	0,4
48,0000	0,4
48,1000	0,4
48,2000	0,4
48,3000	0,4
48,4000	0,4
48,5000	0,4
48,6000	0,4
48,7000	0,4
48,8000	0,4
48,9000	0,4
49,0000	0,4
49,1000	0,4
49,2000	0,4
49,3000	0,4
49,4000	0,4
49,5000	0,4
49,6000	0,4
49,7000	0,4
49,8000	0,4
49,9000	0,4
50,0000	0,4
50,1000	0,4
50,2000	0,4
50,3000	0,4
50,4000	0,4
50,5000	0,4
50,6000	0,4
50,7000	0,4
50,8000	0,4
50,9000	0,4
51,0000	0,4
0,0000	0,4
0,1000	0,4
0,2000	0,4
0,3000	0,4
0,4000	0,4
0,5000	0,4
0,6000	0,4
0,7000	0,4
0,8000	0,4
0,9000	0,4
1,0000	0,4
1,1000	0,4
1,2000	0,4
1,3000	0,4
1,4000	0,4
1,5000	0,4
1,6000	0,4
1,7000	0,4
1,8000	0,4
1,9000	0,4
2,0000	0,4
2,1000	0,4
2,2000	0,4
2,3000	0,4
2,4000	0,4
2,5000	0,4
2,6000	0,4
2,7000	0,4
2,8000	0,4
2,9000	0,4
3,0000	0,4
3,1000	0,4
3,2000	0,4
3,3000	0,4
3,4000	0,4
3,5000	0,4
3,6000	0,4
3,7000	0,4
3,8000	0,4
3,9000	0,4
4,0000	0,4
4,1000	0,4
4,2000	0,4
4,3000	0,4
4,4000	0,4
4,5000	0,4
4,6000	0,4
4,7000	0,4
4,8000	0,4
4,9000	0,4
5,0000	0,4
5,1000	0,4
5,2000	0,4
5,3000	0,4
5,4000	0,4
5,5000	0,4
5,6000	0,4
5,7000	0,4
5,8000	0,4
5,9000	0,4
6,0000	0,4
6,1000	0,4
6,2000	0,4
6,3000	0,4
6,4000	0,4
6,5000	0,4
6,6000	0,4
6,7000	0,4
6,8000	0,4
6,9000	0,4
7,0000	0,4
7,1000	0,4
7,2000	0,4
7,3000	0,4
7,4000	0,4
7,5000	0,4
7,6000	0,4
7,7000	0,4
7,8000	0,4
7,9000	0,4
8,0000	0,4
8,1000	0,4
8,2000	0,4
8,3000	0,4
8,4000	0,4
8,5000	0,4
8,6000	0,4
8,7000	0,4
8,8000	0,4
8,9000	0,4
9,0000	0,4
9,1000	0,4
9,2000	0,4
9,3000	0,4
9,4000	0,4
9,5000	0,4
9,6000	0,4
9,7000	0,4
9,8000	0,4
9,9000	0,4
10,0000	0,4
10,1000	0,4
10,2000	0,4
10,3000	0,4
10,4000	0,4
10,5000	0,4
10,6000	0,4
10,7000	0,4
10,8000	0,4
10,9000	0,4
11,0000	0,4
11,1000	0,4
11,2000	0,4
11,3000	0,4
11,4000	0,4
11,5000	0,4
11,6000	0,4
11,7000	0,4
11,8000	0,4
11,9000	0,4
12,0000	0,4
12,1000	0,4
12,2000	0,4
12,3000	0,4
12,4000	0,4
12,5000	0,4
12,6000	0,4
12,7000	0,4
12,8000	0,4
12,9000	0,4
13,0000	0,4
13,1000	0,4
13,2000	0,4
13,3000	0,4
13,4000	0,4
13,5000	0,4
13,6000	0,4
13,7000	0,4
13,8000	0,4
13,9000	0,4
14,0000	0,4
14,1000	0,4
14,2000	0,4
14,3000	0,4
14,4000	0,4
14,5000	0,4
14,6000	0,4
14,7000	0,4
14,8000	0,4
14,9000	0,4
15,0000	0,4
15,1000	0,4
15,2000	0,4
15,3000	0,4
15,4000	0,4
15,5000	0,4
15,6000	0,4
15,7000	0,4
15,8000	0,4
15,9000	0,4
16,0000	0,4
16,1000	0,4
16,2000	0,4
16,3000	0,4
16,4000	0,4
16,5000	0,4
16,6000	0,4
16,7000	0,4
16,8000	0,4
16,9000	0,4
17,0000	0,4
17,1000	0,4
17,2000	0,4
17,3000	0,4
17,4000	0,4
17,5000	0,4
17,6000	0,4
17,7000	0,4
17,8000	0,4
17,9000	0,4
18,0000	0,4
18,1000	0,4
18,2000	0,4
18,3000	0,4
18,4000	0,4
18,5000	0,4
18,6000	0,4
18,7000	0,4
18,8000	0,4
18,9000	0,4
19,0000	0,4
19,1000	0,4
19,2000	0,4
19,3000	0,4
19,4000	0,4
19,5000	0,4
19,6000	0,4
19,7000	0,4
19,8000	0,4
19,9000	0,4
20,0000	0,4
20,1000	0,4
20,2000	0,4
20,3000	0,4
20,4000	0,4
20,5000	0,4
20,6000	0,4
20,7000	0,4
20,8000	0,4
20,9000	0,4
21,0000	0,4
21,1000	0,4
21,2000	0,4
21,3000	0,4
21,4000	0,4
21,5000	0,4
21,6000	0,4
21,7000	0,4
21,8000	0,4
21,9000	0,4
22,0000	0,4
22,1000	0,4
22,2000	0,4
22,3000	0,4
22,4000	0,4
22,5000	0,4
22,6000	0,4
22,7000	0,4
22,8000	0,4
22,9000	0,4
23,0000	0,4
23,1000	0,4
23,2000	0,4
23,3000	0,4
23,4000	0,4
23,5000	0,4
23,6000	0,4
23,7000	0,4
23,8000	0,4
23,9000	0,4
24,0000	0,4
24,1000	0,4
24,2000	0,4
24,3000	0,4
24,4000	0,4
24,5000	0,4
24,6000	0,4
24,7000	0,4
24,8000	0,4
24,9000	0,4
25,0000	0,4
25,1000	0,4
25,2000	0,4
25,3000	0,4
25,4000	0,4
25,5000	0,4
25,6000	0,4
25,7000	0,4
25,8000	0,4
25,9000	0,4
26,0000	0,4
26,1000	0,4
26,2000	0,4
26,3000	0,4
26,4000	0,4
26,5000	0,4
26,6000	0,4
26,7000	0,4
26,8000	0,4
26,9000	0,4
27,0000	0,4
27,1000	0,4
27,2000	0,4
27,3000	0,4
27,4000	0,4
27,5000	0,4
27,6000	0,4
27,7000	0,4
27,8000	0,4
27,9000	0,4
28,0000	0,4
28,1000	0,4
28,2000	0,4
28,3000	0,4
28,4000	0,4
28,5000	0,4
28,6000	0,4
28,7000	0,4
28,8000	0,4
28,9000	0,4
29,0000	0,4
29,1000	0,4
29,2000	0,4
29,3000	0,4
29,4000	0,4
29,5000	0,4
29,6000	0,4
29,7000	0,4
29,8000	0,4
29,9000	0,4
30,0000	0,4
30,1000	0,4
30,2000	0,4
30,3000	0,4
30,4000	0,4
30,5000	0,4
30,6000	0,4
30,7000	0,4
30,8000	0,4
30,9000	0,4
31,0000	0,4
31,1000	0,4
31,2000	0,4
31,3000	0,4
31,4000	0,4
31,5000	0,4
31,6000	0,4
31,7000	0,4
31,8000	0,4
31,9000	0,4
32,0000	0,4
32,1000	0,4
32,2000	0,4
32,3000	0,4
32,4000	0,4
32,5000	0,4
32,6000	0,4
32,7000	0,4
32,8000	0,4
32,9000	0,4
33,0000	0,4
33,1000	0,4
33,2000	0,4
33,3000	0,4
33,4000	0,4
33,5000	0,4
33,6000	0,4
33,7000	0,4
33,8000	0,4
33,9000	0,4
34,0000	0,4
34,1000	0,4
34,2000	0,4
34,3000	0,4
34,4000	0,4
34,5000	0,4
34,6000	0,4
34,7000	0,4
34,8000	0,4
34,9000	0,4
35,0000	0,4
35,1000	0,4
35,2000	0,4
35,3000	0,4
35,4000	0,4
35,5000	0,4
35,6000	0,4
35,7000	0,4
35,8000	0,4
35,9000	0,4
36,0000	0,4
36,1000	0,4
36,2000	0,4
36,3000	0,4
36,4000	0,4
36,5000	0,4
36,6000	0,4
36,7000	0,4
36,8000	0,4
36,9000	0,4
37,0000	0,4
37,1000	0,4
37,2000	0,4
37,3000	0,4
37,4000	0,4
37,5000	0,4
37,6000	0,4
37,7000	0,4
37,8000	0,4
37,9000	0,4
38,0000	0,4
38,1000	0,4
38,2000	0,4
38,3000	0,4
38,4000	0,4
38,5000	0,4
38,6000	0,4
38,7000	0,4
38,8000	0,4
38,9000	0,4
39,0000	0,4
39,1000	0,4
39,2000	0,4
39,3000	0,4
39,4000	0,4
39,5000	0,4
39,6000	0,4
39,7000	0,4
39,8000	0,4
39,9000	0,4
40,0000	0,4
40,1000	0,4
40,2000	0,4
40,3000	0,4
40,4000	0,4
40,5000	0,4
40,6000	0,4
40,7000	0,4
40,8000	0,4
40,9000	0,4
41,0000	0,4
41,1000	0,4
41,2000	0,4
41,3000	0,4
41,4000	0,4
41,5000	0,4
41,6000	0,4
41,7000	0,4
41,8000	0,4
41,9000	0,4
42,0000	0,4
42,1000	0,4
42,2000	0,4
42,3000	0,4
42,4000	0,4
42,5000	0,4
42,6000	0,4
42,7000	0,4
42,8000	0,4
42,9000	0,4
43,0000	0,4
43,1000	0,4
43,2000	0,4
43,3000	0,4
43,4000	0,4
43,5000	0,4
43,6000	0,4
43,7000	0,4
43,8000	0,4
43,9000	0,4
44,0000	0,4
44,1000	0,4
44,2000	0,4
44,3000	0,4
44,4000	0,4
44,5000	0,4
44,6000	0,4
44,7000	0,4
44,8000	0,4
44,9000	0,4
45,0000	0,4
45,1000	0,4
45,2000	0,4
45,3000	0,4
45,4000	0,4
45,5000	0,4
45,6000	0,4
45,7000	0,4
45,8000	0,4
45,9000	0,4
46,0000	0,4
46,1000	0,4
46,2000	0,4
46,3000	0,4
46,4000	0,4
46,5000	0,4
46,6000	0,4
46,7000	0,4
46,8000	0,4
46,9000	0,4
47,0000	0,4
47,1000	0,4
47,2000	0,4
47,3000	0,4
47,4000	0,4
47,5000	0,4
47,6000	0,4
47,7000	0,4
47,8000	0,4
47,9000	0,4
48,0000	0,4
48,1000	0,4
48,2000	0,4
48,3000	0,4
48,4000	0,4
48,5000	0,4
48,6000	0,4
48,7000	0,4
48,8000	0,4
48,9000	0,4
49,0000	0,4
49,1000	0,4
49,2000	0,4
49,3000	0,4
49,4000	0,4
49,5000	0,4
49,6000	0,4
49,7000	0,4
49,8000	0,4
49,9000	0,4
50,0000	0,4
50,1000	0,4
50,2000	0,4
50,3000	0,4
50,4000	0,4
50,5000	0,4
50,6000	0,4
50,7000	0,4
50,8000	0,4
50,9000	0,4
51,0000	0,4
0,0000	0,4
0,1000	0,4
0,2000	0,4
0,3000	0,4
0,4000	0,4
0,5000	0,4
0,6000	0,4
0,7000	0,4
0,8000	0,4
0,9000	0,4
1,0000	0,4
1,1000	0,4
1,2000	0,4
1,3000	0,4
1,4000	0,4
1,5000	0,4
1,6000	0,4
1,7000	0,4
1,8000	0,4
1,9000	0,4
2,0000	0,4
2,1000	0,4
2,2000	0,4
2,3000	0,4
2,4000	0,4
2,5000	0,4
2,6000	0,4
2,7000	0,4
2,8000	0,4
2,9000	0,4
3,0000	0,4
3,1000	0,4
3,2000	0,4
3,3000	0,4
3,4000	0,4
3,5000	0,4
3,6000	0,4
3,7000	0,4
3,8000	0,4
3,9000	0,4
4,0000	0,4
4,1000	0,4
4,2000	0,4
4,3000	0,4
4,4000	0,4
4,5000	0,4
4,6000	0,4
4,7000	0,4
4,8000	0,4
4,9000	0,4
5,0000	0,4
5,1000	0,4
5,2000	0,4
5,3000	0,4
5,4000	0,4
5,5000	0,4
5,6000	0,4
5,7000	0,4
5,8000	0,4
5,9000	0,4
6,0000	0,4
6,1000	0,4
6,2000	0,4
6,3000	0,4
6,4000	0,4
6,5000	0,4
6,6000	0,4
6,7000	0,4
6,8000	0,4
6,9000	0,4
7,0000	0,4
7,1000	0,4
7,2000	0,4
7,3000	0,4
7,4000	0,4
7,5000	0,4
7,6000	0,4
7,7000	0,4
7,8000	0,4
7,9000	0,4
8,0000	0,4
8,1000	0,4
8,2000	0,4
8,3000	0,4
8,4000	0,4
8,5000	0,4
8,6000	0,4
8,7000	0,4
8,8000	0,4
8,9000	0,4
9,0000	0,4
9,1000	0,4
9,2000	0,4
9,3000	0,4
9,4000	0,4
9,5000	0,4
9,6000	0,4
9,7000	0,4
9,8000	0,4
9,9000	0,4
10,0000	0,4
10,1000	0,4
10,2000	0,4
10,3000	0,4
10,4000	0,4
10,5000	0,4
10,6000	0,4
10,7000	0,4
10,8000	0,4
10,9000	0,4
11,0000	0,4
11,1000	0,4
11,2000	0,4
11,3000	0,4
11,4000	0,4
11,5000	0,4
11,6000	0,4
11,7000	0,4
11,8000	0,4
11,9000	0,4
12,0000	0,4
12,1000	0,4
12,2000	0,4
12,3000	0,4
12,4000	0,4
12,5000	0,4
12,6000	0,4
12,7000	0,4
12,8000	0,4
12,9000	0,4
13,0000	0,4
13,1000	0,4
13,2000	0,4
13,3000	0,4
13,4000	0,4
13,5000	0,4
13,6000	0,4
13,7000	0,4
13,8000	0,4
13,9000	0,4
14,0000	0,4
14,1000	0,4
14,2000	0,4
14,3000	0,4
14,4000	0,4
14,5000	0,4
14,6000	0,4
14,7000	0,4
14,8000	0,4
14,9000	0,4
15,0000	0,4
15,1000	0,4
15,2000	0,4
15,3000	0,4
15,4000	0,4
15,5000	0,4
15,6000	0,4
15,7000	0,4
15,8000	0,4
15,9000	0,4
16,0000	0,4
16,1000	0,4
16,2000	0,4
16,3000	0,4
16,4000	0,4
16,5000	0,4
16,6000	0,4
16,7000	0,4
16,8000	0,4
16,9000	0,4
17,0000	0,4
17,1000	0,4
17,2000	0,4
17,3000	0,4
17,4000	0,4
17,5000	0,4
17,6000	0,4
17,7000	0,4
17,8000	0,4
17,9000	0,4
18,0000	0,4
18,1000	0,4
18,2000	0,4
18,3000	0,4
18,4000	0,4
18,5000	0,4
18,6000	0,4
18,7000	0,4
18,8000	0,4
18,9000	0,4
19,0000	0,4
19,1000	0,4
19,2000	0,4
19,3000	0,4
19,4000	0,4
19,5000	0,4
19,6000	0,4
19,7000	0,4
19,8000	0,4
19,9000	0,4
20,0000	0,4
20,1000	0,4
20,2000	0,4
20,3000	0,4
20,4000	0,4
20,5000	0,4
20,6000	0,4
20,7000	0,4
20,8000	0,4
20,9000	0,4
21,0000	0,4
21,1000	0,4
21,2000	0,4
21,3000	0,4
21,4000	0,4
21,5000	0,4
21,6000	0,4
21,7000	0,4
21,8000	0,4
21,9000	0,4
22,0000	0,4
22,1000	0,4
22,2000	0,4
22,3000	0,4
22,4000	0,4
22,5000	0,4
22,6000	0,4
22,7000	0,4
22,8000	0,4
22,9000	0,4
23,0000	0,4
23,1000	0,4
23,2000	0,4
23,3000	0,4
23,4000	0,4
23,5000	0,4
23,6000	0,4
23,7000	0,4
23,8000	0,4
23,9000	0,4
24,0000	0,4
24,1000	0,4
24,2000	0,4
24,3000	0,4
24,4000	0,4
24,5000	0,4
24,6000	0,4
24,7000	0,4
24,8000	0,4
24,9000	0,4
25,0000	0,4
25,1000	0,4
25,2000	0,4
25,3000	0,4
25,4000	0,4
25,5000	0,4
25,6000	0,4
25,7000	0,4
25,8000	0,4
25,9000	0,4
26,0000	0,4
26,1000	0,4
26,2000	0,4
26,3000	0,4
26,4000	0,4
26,5000	0,4
26,6000	0,4
26,7000	0,4
26,8000	0,4
26,9000	0,4
27,0000	0,4
27,1000	0,4
27,2000	0,4
27,3000	0,4
27,4000	0,4
27,5000	0,4
27,6000	0,4
27,7000	0,4
27,8000	0,4
27,9000	0,4
28,0000	0,4
28,1000	0,4
28,2000	0,4
28,3000	0,4
28,4000	0,4
28,5000	0,4
28,6000	0,4
28,7000	0,4
28,8000	0,4
28,9000	0,4
29,0000	0,4
29,1000	0,4
29,2000	0,4
29,3000	0,4
29,4000	0,4
29,5000	0,4
29,6000	0,4
29,7000	0,4
29,8000	0,4
29,9000	0,4
30,0000	0,4
30,1000	0,4
30,2000	0,4
30,3000	0,4
30,4000	0,4
30,5000	0,4
30,6000	0,4
30,7000	0,4
30,8000	0,4
30,9000	0,4
31,0000	0,4
31,1000	0,4
31,2000	0,4
31,3000	0,4
31,4000	0,4
31,5000	0,4
31,6000	0,4
31,7000	0,4
31,8000	0,4
31,9000	0,4
32,0000	0,4
32,1000	0,4
32,2000	0,4
32,3000	0,4
32,4000	0,4
32,5000	0,4
32,6000	0,4
32,7000	0,4
32,8000	0,4
32,9000	0,4
33,0000	0,4
33,1000	0,4
33,2000	0,4
33,3000	0,4
33,4000	0,4
33,5000	0,4
33,6000	0,4
33,7000	0,4
33,8000	0,4
33,9000	0,4
34,0000	0,4
34,1000	0,4
34,2000	0,4
34,3000	0,4
34,4000	0,4
34,5000	0,4
34,6000	0,4
34,7000	0,4
34,8000	0,4
34,9000	0,4
35,0000	0,4
35,1000	0,4
35,2000	0,4
35,3000	0,4
35,4000	0,4
35,5000	0,4
35,6000	0,4
35,7000	0,4
35,8000	0,4
35,9000	0,4
36,0000	0,4
36,1000	0,4
36,2000	0,4
36,3000	0,4
36,4000	0,4
36,5000	0,4
36,6000	0,4
36,7000	0,4
36,8000	0,4
36,9000	0,4
37,0000	0,4
37,1000	0,4
37,2000	0,4
37,3000	0,4
37,4000	0,4
37,5000	0,4
37,6000	0,4
37,7000	0,4
37,8000	0,4
37,9000	0,4
38,0000	0,4
38,1000	0,4
38,2000	0,4
38,3000	0,4
38,4000	0,4
38,5000	0,4
38,6000	0,4
38,7000	0,4
38,8000	0,4
38,9000	0,4
39,0000	0,4
39,1000	0,4
39,2000	0,4
39,3000	0,4
39,4000	0,4
39,5000	0,4
39,6000	0,4
39,7000	0,4
39,8000	0,4
39,9000	0,4
40,0000	0,4
40,1000	0,4
40,2000	0,4
40,3000	0,4
40,4000	0,4
40,5000	0,4
40,6000	0,4
40,7000	0,4
40,8000	0,4
40,9000	0,4
41,0000	0,4
41,1000	0,4
41,2000	0,4
41,3000	0,4
41,4000	0,4
41,5000	0,4
41,6000	0,4
41,7000	0,4
41,8000	0,4
41,9000	0,4
42,0000	0,4
42,1000	0,4
42,2000	0,4
42,3000	0,4
42,4000	0,4
42,5000	0,4
42,6000	0,4
42,7000	0,4
42,8000	0,4
42,9000	0,4
43,0000	0,4
43,1000	0,4
43,2000	0,4
43,3000	0,4
43,4000	0,4
43,5000	0,4
43,6000	0,4
43,7000	0,4
43,8000	0,4
43,9000	0,4
44,0000	0,4
44,1000	0,4
44,2000	0,4
44,3000	0,4
44,4000	0,4
44,5000	0,4
44,6000	0,4
44,7000	0,4
44,8000	0,4
44,9000	0,4
45,0000	0,4
45,1000	0,4
45,2000	0,4
45,3000	0,4
45,4000	0,4
45,5000	0,4
45,6000	0,4
45,7000	0,4
45,8000	0,4
45,9000	0,4
46,0000	0,4
46,1000	0,4
46,2000	0,4
46,3000	0,4
46,4000	0,4
46,5000	0,4
46,6000	0,4
46,7000	0,4
46,8000	0,4
46,9000	0,4
47,0000	0,4
47,1000	0,4
47,2000	0,4
47,3000	0,4
47,4000	0,4
47,5000	0,4
47,6000	0,4
47,7000	0,4
47,8000	0,4
47,9000	0,4
48,0000	0,4
48,1000	0,4
48,2000	0,4
48,3000	0,4
48,4000	0,4
48,5000	0,4
48,6000	0,4
48,7000	0,4
48,8000	0,4
48,9000	0,4
49,0000	0,4
49,1000	0,4
49,2000	0,4
49,3000	0,4
49,4000	0,4
49,5000	0,4
49,6000	0,4
49,7000	0,4
49,8000	0,4
49,9000	0,4
50,0000	0,4
50,1000	0,4
50,2000	0,4
50,3000	0,4
50,4000	0,4
50,5000	0,4
50,6000	0,4
50,7000	0,4
50,8000	0,4
50,9000	0,4
51,0000	0,4
0,0000	0,4
0,1000	0,4
0,2000	0,4
0,3000	0,4
0,4000	0,4
0,5000	0,4
0,6000	0,4
0,7000	0,4
0,8000	0,4
0,9000	0,4
1,0000	0,4
1,1000	0,4
1,2000	0,4
1,3000	0,4
1,4000	0,4
1,5000	0,4
1,6000	0,4
1,7000	0,4
1,8000	0,4
1,9000	0,4
2,0000	0,4
2,1000	0,4
2,2000	0,4
2,3000	0,4
2,4000	0,4
2,5000	0,3
2,6000	0,4
2,7000	0,3
2,8000	0,3
2,9000	0,3
3,0000	0,3
3,1000	0,3
3,2000	0,3
3,3000	0,3
3,4000	0,3
3,5000	0,3
3,6000	0,3
3,7000	0,3
3,8000	0,3
3,9000	0,3
4,0000	0,3
4,1000	0,3
4,2000	0,3
4,3000	0,3
4,4000	0,3
4,5000	0,3
4,6000	0,3
4,7000	0,3
4,8000	0,3
4,9000	0,3
5,0000	0,3
5,1000	0,3
5,2000	0,3
5,3000	0,3
5,4000	0,3
5,5000	0,3
5,6000	0,3
5,7000	0,3
5,8000	0,3
5,9000	0,3
6,0000	0,3
6,1000	0,3
6,2000	0,3
6,3000	0,3
6,4000	0,3
6,5000	0,3
6,6000	0,3
6,7000	0,3
6,8000	0,3
6,9000	0,3
7,0000	0,3
7,1000	0,3
7,2000	0,3
7,3000	0,3
7,4000	0,3
7,5000	0,3
7,6000	0,3
7,7000	0,3
7,8000	0,3
7,9000	0,3
8,0000	0,3
8,1000	0,3
8,2000	0,3
8,3000	0,3
8,4000	0,3
8,5000	0,3
8,6000	0,3
8,7000	0,3
8,8000	0,3
8,9000	0,3
9,0000	0,3
9,1000	0,3
9,2000	0,3
9,3000	0,3
9,4000	0,3
9,5000	0,3
9,6000	0,3
9,7000	0,3
9,8000	0,3
9,9000	0,3
10,0000	0,3
10,1000	0,3
10,2000	0,3
10,3000	0,3
10,4000	0,3
10,5000	0,3
10,6000	0,3
10,7000	0,3
10,8000	0,3
10,9000	0,3
11,0000	0,3
11,1000	0,3
11,2000	0,3
11,3000	0,3
11,4000	0,3
11,5000	0,3
11,6000	0,3
11,7000	0,3
11,8000	0,3
11,9000	0,3
12,0000	0,3
12,1000	0,3
12,2000	0,3
12,3000	0,3
12,4000	0,3
12,5000	0,3
12,6000	0,3
12,7000	0,3
12,8000	0,3
12,9000	0,3
13,0000	0,3
13,1000	0,3
13,2000	0,3
13,3000	0,3
13,4000	0,3
13,5000	0,2
13,6000	0,2
13,7000	0,2
13,8000	0,2
13,9000	0,2
14,0000	0,2
14,1000	0,2
14,2000	0,2
14,3000	0,2
14,4000	0,2
14,5000	0,2
14,6000	0,2
14,7000	0,2
14,8000	0,2
14,9000	0,2
15,0000	0,2
15,1000	0,2
15,2000	0,2
15,3000	0,2
15,4000	0,2
15,5000	0,2
15,6000	0,2
15,7000	0,2
15,8000	0,2
15,9000	0,2
16,0000	0,2
16,1000	0,2
16,2000	0,2
16,3000	0,2
16,4000	0,2
16,5000	0,2
16,6000	0,2
16,7000	0,2
16,8000	0,2
16,9000	0,2
17,0000	0,2
17,1000	0,2
17,2000	0,2
17,3000	0,2
17,4000	0,2
17,5000	0,2
17,6000	0,2
17,7000	0,2
17,8000	0,2
17,9000	0,2
18,0000	0,2
18,1000	0,2
18,2000	0,2
18,3000	0,2
18,4000	0,2
18,5000	0,2
18,6000	0,2
18,7000	0,2
18,8000	0,2
18,9000	0,2
19,0000	0,2
19,1000	0,2
19,2000	0,2
19,3000	0,2
19,4000	0,2
19,5000	0,2
19,6000	0,1
19,7000	0,1
19,8000	0,1
19,9000	0,1
20,0000	0,1
20,1000	0,1
20,2000	0,1
20,3000	0,1
20,4000	0,1
20,5000	0,1
20,6000	0,1
20,7000	0,1
20,8000	0,1
20,9000	0,1
21,0000	0,1
21,1000	0,1
21,2000	0,1
21,3000	0,1
21,4000	0,1
21,5000	0,1
21,6000	0,1
21,7000	0,1
21,8000	0,1
21,9000	0,1
22,0000	0,1
22,1000	0,1
22,2000	0,1
22,3000	0,1
22,4000	0,1
22,5000	0,1
22,6000	0,1
22,7000	0,1
22,8000	0,1
22,9000	0,1
23,0000	0,1
23,1000	0,1
23,2000	0,1
23,3000	0,1
23,4000	0,1
23,5000	0,1
23,6000	0,1
23,7000	0,1
23,8000	0,1
23,9000	0,1
24,0000	0,1
24,1000	0,1
24,2000	0,0
24,3000	0,0
24,4000	0,0
24,5000	0,0
24,6000	0,0
24,7000	0,0
24,8000	0,0
24,9000	0,0
25,0000	0,0
25,1000	0,0
25,2000	0,0
25,3000	0,0
25,4000	0,0
25,5000	0,0
25,6000	0,0
25,7000	0,0
25,8000	0,0
25,9000	0,0
26,0000	0,0
26,1000	0,0
26,2000	0,0
26,3000	0,0
26,4000	0,0
26,5000	0,0
26,6000	0,0
26,7000	0,0
26,8000	0,0
26,9000	0,0
27,0000	0,0
27,1000	0,0
27,2000	0,0
27,3000	0,0
27,4000	0,0
27,5000	0,0
27,6000	0,0
27,7000	0,0
27,8000	0,0
27,9000	0,0
28,0000	-0,1
28,1000	-0,1
28,2000	-0,1
28,3000	-0,1
28,4000	-0,1
28,5000	-0,1
28,6000	-0,1
28,7000	-0,1
28,8000	-0,1
28,9000	-0,1
29,0000	-0,1
29,1000	-0,1
29,2000	-0,1
29,3000	-0,1
29,4000	-0,1
29,5000	-0,1
29,6000	-0,1
29,7000	-0,1
29,8000	-0,1
29,9000	-0,1
30,0000	-0,1
30,1000	-0,1
30,2000	-0,1
30,3000	-0,1
30,4000	-0,1
30,5000	-0,1
30,6000	-0,1
30,7000	-0,1
30,8000	-0,1
30,9000	-0,1
31,0000	-0,1
31,1000	-0,1
31,2000	-0,2
31,3000	-0,2
31,4000	-0,2
31,5000	-0,2
31,6000	-0,2
31,7000	-0,2
31,8000	-0,2
31,9000	-0,2
32,0000	-0,2
32,1000	-0,2
32,2000	-0,2
32,3000	-0,2
32,4000	-0,2
32,5000	-0,2
32,6000	-0,2
32,7000	-0,2
32,8000	-0,2
32,9000	-0,2
33,0000	-0,2
33,1000	-0,2
33,2000	-0,2
33,3000	-0,2
33,4000	-0,2
33,5000	-0,2
33,6000	-0,2
33,7000	-0,2
33,8000	-0,2
33,9000	-0,2
34,0000	-0,2
34,1000	-0,2
34,2000	-0,3
34,3000	-0,3
34,4000	-0,3
34,5000	-0,3
34,6000	-0,3
34,7000	-0,3
34,8000	-0,3
34,9000	-0,3
35,0000	-0,3
35,1000	-0,3
35,2000	-0,3
35,3000	-0,3
35,4000	-0,3
35,5000	-0,3
35,6000	-0,3
35,7000	-0,3
35,8000	-0,3
35,9000	-0,3
36,0000	-0,3
36,1000	-0,3
36,2000	-0,3
36,3000	-0,3
36,4000	-0,3
36,5000	-0,3
36,6000	-0,3
36,7000	-0,3
36,8000	-0,3
36,9000	-0,3
37,0000	-0,3
37,1000	-0,4
37,2000	-0,4
37,3000	-0,4
37,4000	-0,4
37,5000	-0,4
37,6000	-0,4
37,7000	-0,4
37,8000	-0,4
37,9000	-0,4
38,0000	-0,4
38,1000	-0,4
38,2000	-0,4
38,3000	-0,4
38,4000	-0,4
38,5000	-0,4
38,6000	-0,4
38,7000	-0,4
38,8000	-0,4
38,9000	-0,4
39,0000	-0,4
39,1000	-0,4
39,2000	-0,4
39,3000	-0,4
39,4000	-0,4
39,5000	-0,4
39,6000	-0,4
39,7000	-0,4
39,8000	-0,4
39,9000	-0,5
40,0000	-0,5
40,1000	-0,5
40,2000	-0,5
40,3000	-0,5
40,4000	-0,5
40,5000	-0,5
40,6000	-0,5
40,7000	-0,5
40,8000	-0,5
40,9000	-0,5
41,0000	-0,5
41,1000	-0,5
41,2000	-0,5
41,3000	-0,5
41,4000	-0,5
41,5000	-0,5
41,6000	-0,5
41,7000	-0,5
41,8000	-0,5
41,9000	-0,5
42,0000	-0,5
42,1000	-0,5
42,2000	-0,5
42,3000	-0,6
42,4000	-0,6
42,5000	-0,6
42,6000	-0,6
42,7000	-0,6
42,8000	-0,6
42,9000	-0,6
43,0000	-0,6
43,1000	-0,6
43,2000	-0,6
43,3000	-0,6
43,4000	-0,6
43,5000	-0,6
43,6000	-0,6
43,7000	-0,6
43,8000	-0,6
43,9000	-0,6
44,0000	-0,6
44,1000	-0,6
44,2000	-0,6
44,3000	-0,6
44,4000	-0,6
44,5000	-0,6
44,6000	-0,6
44,7000	-0,7
44,8000	-0,7
44,9000	-0,7
45,0000	-0,7
45,1000	-0,7
45,2000	-0,7
45,3000	-0,7
45,4000	-0,7
45,5000	-0,7
45,6000	-0,7
45,7000	-0,7
45,8000	-0,7
45,9000	-0,7
46,0000	-0,7
46,1000	-0,7
46,2000	-0,7
46,3000	-0,7
46,4000	-0,7
46,5000	-0,7
46,6000	-0,7
46,7000	-0,7
46,8000	-0,8
46,9000	-0,8
47,0000	-0,8
47,1000	-0,8
47,2000	-0,8
47,3000	-0,8
47,4000	-0,8
47,5000	-0,8
47,6000	-0,8
47,7000	-0,8
47,8000	-0,8
47,9000	-0,8
48,0000	-0,8
48,1000	-0,8
48,2000	-0,8
48,3000	-0,8
48,4000	-0,8
48,5000	-0,8
48,6000	-0,8
48,7000	-0,8
48,8000	-0,8
48,9000	-0,9
49,0000	-0,9
49,1000	-0,9
49,2000	-0,9
49,3000	-0,9
49,4000	-0,9
49,5000	-0,9
49,6000	-0,9
49,7000	-0,9
49,8000	-0,9
49,9000	-0,9
50,0000	-0,9
50,1000	-0,9
50,2000	-0,9
50,3000	-0,9
50,4000	-0,9
50,5000	-0,9
50,6000	-0,9
50,7000	-0,9
50,8000	-0,9
50,9000	-1,0
51,0000	-1,0
0,0000	-1,0
0,1000	-1,0
0,2000	-1,0
0,3000	-1,0
0,4000	-1,0
0,5000	-1,0
0,6000	-1,0
0,7000	-1,0
0,8000	-1,0
0,9000	-1,0
1,0000	-1,0
1,1000	-1,0
1,2000	-1,0
1,3000	-1,0
1,4000	-1,0
1,5000	-1,0
1,6000	-1,1
1,7000	-1,1
1,8000	-1,1
1,9000	-1,1
2,0000	-1,1
2,1000	-1,1
2,2000	-1,1
2,3000	-1,1
2,4000	-1,1
2,5000	-1,1
2,6000	-1,1
2,7000	-1,1
2,8000	-1,1
2,9000	-1,1
3,0000	-1,1
3,1000	-1,1
3,2000	-1,1
3,3000	-1,1
3,4000	-1,1
3,5000	-1,2
3,6000	-1,2
3,7000	-1,2
3,8000	-1,2
3,9000	-1,2
4,0000	-1,2
4,1000	-1,2
4,2000	-1,2
4,3000	-1,2
4,4000	-1,2
4,5000	-1,2
4,6000	-1,2
4,7000	-1,2
4,8000	-1,2
4,9000	-1,2
5,0000	-1,2
5,1000	-1,2
5,2000	-1,2
5,3000	-1,3
5,4000	-1,3
5,5000	-1,3
5,6000	-1,3
5,7000	-1,3
5,8000	-1,3
5,9000	-1,3
6,0000	-1,3
6,1000	-1,3
6,2000	-1,3
6,3000	-1,3
6,4000	-1,3
6,5000	-1,3
6,6000	-1,3
6,7000	-1,3
6,8000	-1,3
6,9000	-1,3
7,0000	-1,3
7,1000	-1,4
7,2000	-1,4
7,3000	-1,4
7,4000	-1,4
7,5000	-1,4
7,6000	-1,4
7,7000	-1,4
7,8000	-1,4
7,9000	-1,4
8,0000	-1,4
8,1000	-1,4
8,2000	-1,4
8,3000	-1,4
8,4000	-1,4
8,5000	-1,4
8,6000	-1,4
8,7000	-1,5
8,8000	-1,5
8,9000	-1,5
9,0000	-1,5
9,1000	-1,5
9,2000	-1,5
9,3000	-1,5
9,4000	-1,5
9,5000	-1,5
9,6000	-1,5
9,7000	-1,5
9,8000	-1,5
9,9000	-1,5
10,0000	-1,5
10,1000	-1,5
10,2000	-1,5
10,3000	-1,5
10,4000	-1,6
10,5000	-1,6
10,6000	-1,6
10,7000	-1,6
10,8000	-1,6
10,9000	-1,6
11,0000	-1,6
11,1000	-1,6
11,2000	-1,6
11,3000	-1,6
11,4000	-1,6
11,5000	-1,6
11,6000	-1,6
11,7000	-1,6
11,8000	-1,6
11,9000	-1,6
12,0000	-1,7
12,1000	-1,7
12,2000	-1,7
12,3000	-1,7
12,4000	-1,7
12,5000	-1,7
12,6000	-1,7
12,7000	-1,7
12,8000	-1,7
12,9000	-1,7
13,0000	-1,7
13,1000	-1,7
13,2000	-1,7
13,3000	-1,7
13,4000	-1,7
13,5000	-1,8
13,6000	-1,8
13,7000	-1,8
13,8000	-1,8
13,9000	-1,8
14,0000	-1,8
14,1000	-1,8
14,2000	-1,8
14,3000	-1,8
14,4000	-1,8
14,5000	-1,8
14,6000	-1,8
14,7000	-1,8
14,8000	-1,8
14,9000	-1,8
15,0000	-1,9
15,1000	-1,9
15,2000	-1,9
15,3000	-1,9
15,4000	-1,9
15,5000	-1,9
15,6000	-1,9
15,7000	-1,9
15,8000	-1,9
15,9000	-1,9
16,0000	-1,9
16,1000	-1,9
16,2000	-1,9
16,3000	-1,9
16,4000	-1,9
16,5000	-1,9
16,6000	-2,0
16,7000	-2,0
16,8000	-2,0
16,9000	-2,0
17,0000	-2,0
17,1000	-2,0
17,2000	-2,0
17,3000	-2,0
17,4000	-2,0
17,5000	-2,0
17,6000	-2,0
17,7000	-2,0
17,8000	-2,0
17,9000	-2,0
18,0000	-2,0
18,1000	-2,1
18,2000	-2,1
18,3000	-2,1
18,4000	-2,1
18,5000	-2,1
18,6000	-2,1
18,7000	-2,1
18,8000	-2,1
18,9000	-2,1
19,0000	-2,1
19,1000	-2,1
19,2000	-2,1
19,3000	-2,1
19,4000	-2,1
19,5000	-2,2
19,6000	-2,2
19,7000	-2,2
19,8000	-2,2
19,9000	-2,2
20,0000	-2,2
20,1000	-2,2
20,2000	-2,2
20,3000	-2,2
20,4000	-2,2
20,5000	-2,2
20,6000	-2,2
20,7000	-2,2
20,8000	-2,2
20,9000	-2,2
21,0000	-2,3
21,1000	-2,3
21,2000	-2,3
21,3000	-2,3
21,4000	-2,3
21,5000	-2,3
21,6000	-2,3
21,7000	-2,3
21,8000	-2,3
21,9000	-2,3
22,0000	-2,3
22,1000	-2,3
22,2000	-2,3
22,3000	-2,3
22,4000	-2,4
22,5000	-2,4
22,6000	-2,4
22,7000	-2,4
22,8000	-2,4
22,9000	-2,4
23,0000	-2,4
23,1000	-2,4
23,2000	-2,4
23,3000	-2,4
23,4000	-2,4
23,5000	-2,4
23,6000	-2,4
23,7000	-2,5
23,8000	-2,5
23,9000	-2,5
24,0000	-2,5
24,1000	-2,5
24,2000	-2,5
24,3000	-2,5
24,4000	-2,5
24,5000	-2,5
24,6000	-2,5
24,7000	-2,5
24,8000	-2,5
24,9000	-2,5
25,0000	-2,6
25,1000	-2,6
25,2000	-2,6
25,3000	-2,6
25,4000	-2,6
25,5000	-2,6
25,6000	-2,6
25,7000	-2,6
25,8000	-2,6
25,9000	-2,6
26,0000	-2,6
26,1000	-2,6
26,2000	-2,6
26,3000	-2,7
26,4000	-2,7
26,5000	-2,7
26,6000	-2,7
26,7000	-2,7
26,8000	-2,7
26,9000	-2,7
27,0000	-2,7
27,1000	-2,7
27,2000	-2,7
27,3000	-2,7
27,4000	-2,7
27,5000	-2,8
27,6000	-2,8
27,7000	-2,8
27,8000	-2,8
27,9000	-2,8
28,0000	-2,8
28,1000	-2,8
28,2000	-2,8
28,3000	-2,8
28,4000	-2,8
28,5000	-2,8
28,6000	-2,8
28,7000	-2,9
28,8000	-2,9
28,9000	-2,9
29,0000	-2,9
29,1000	-2,9
29,2000	-2,9
29,3000	-2,9
29,4000	-2,9
29,5000	-2,9
29,6000	-2,9
29,7000	-2,9
29,8000	-3,0
29,9000	-3,0
30,0000	-3,0
30,1000	-3,0
30,2000	-3,0
30,3000	-3,0
30,4000	-3,0
30,5000	-3,0
30,6000	-3,0
30,7000	-3,0
30,8000	-3,0
30,9000	-3,0
31,0000	-3,1
31,1000	-3,1
31,2000	-3,1
31,3000	-3,1
31,4000	-3,1
31,5000	-3,1
31,6000	-3,1
31,7000	-3,1
31,8000	-3,1
31,9000	-3,1
32,0000	-3,2
32,1000	-3,2
32,2000	-3,2
32,3000	-3,2
32,4000	-3,2
32,5000	-3,2
32,6000	-3,2
32,7000	-3,2
32,8000	-3,2
32,9000	-3,2
33,0000	-3,3
33,1000	-3,3
33,2000	-3,3
33,3000	-3,3
33,4000	-3,3
33,5000	-3,3
33,6000	-3,3
33,7000	-3,3
33,8000	-3,3
33,9000	-3,4
34,0000	-3,4
34,1000	-3,4
34,2000	-3,4
34,3000	-3,4
34,4000	-3,4
34,5000	-3,4
34,6000	-3,4
34,7000	-3,4
34,8000	-3,5
34,9000	-3,5
35,0000	-3,5
35,1000	-3,5
35,2000	-3,5
35,3000	-3,5
35,4000	-3,5
35,5000	-3,5
35,6000	-3,6
35,7000	-3,6
35,8000	-3,6
35,9000	-3,6
36,0000	-3,6
36,1000	-3,6
36,2000	-3,6
36,3000	-3,6
36,4000	-3,6
36,5000	-3,7
36,6000	-3,7
36,7000	-3,7
36,8000	-3,7
36,9000	-3,7
37,0000	-3,7
37,1000	-3,7
37,2000	-3,7
37,3000	-3,8
37,4000	-3,8
37,5000	-3,8
37,6000	-3,8
37,7000	-3,8
37,8000	-3,8
37,9000	-3,8
38,0000	-3,8
38,1000	-3,9
38,2000	-3,9
38,3000	-3,9
38,4000	-3,9
38,5000	-3,9
38,6000	-3,9
38,7000	-3,9
38,8000	-3,9
38,9000	-3,9
39,0000	-4,0
39,1000	-4,0
39,2000	-4,0
39,3000	-4,0
39,4000	-4,0
39,5000	-4,0
39,6000	-4,0
39,7000	-4,0
39,8000	-4,1
39,9000	-4,1
40,0000	-4,1
40,1000	-4,1
40,2000	-4,1
40,3000	-4,1
40,4000	-4,1
40,5000	-4,2
40,6000	-4,2
40,7000	-4,2
40,8000	-4,2
40,9000	-4,2
41,0000	-4,2
41,1000	-4,2
41,2000	-4,2
41,3000	-4,3
41,4000	-4,3
41,5000	-4,3
41,6000	-4,3
41,7000	-4,3
41,8000	-4,3
41,9000	-4,3
42,0000	-4,3
42,1000	-4,4
42,2000	-4,4
42,3000	-4,4
42,4000	-4,4
42,5000	-4,4
42,6000	-4,4
42,7000	-4,4
42,8000	-4,4
42,9000	-4,5
43,0000	-4,5
43,1000	-4,5
43,2000	-4,5
43,3000	-4,5
43,4000	-4,5
43,5000	-4,5
43,6000	-4,5
43,7000	-4,6
43,8000	-4,6
43,9000	-4,6
44,0000	-4,6
44,1000	-4,6
44,2000	-4,6
44,3000	-4,6
44,4000	-4,6
44,5000	-4,7
44,6000	-4,7
44,7000	-4,7
44,8000	-4,7
44,9000	-4,7
45,0000	-4,7
45,1000	-4,7
45,2000	-4,7
45,3000	-4,8
45,4000	-4,8
45,5000	-4,8
45,6000	-4,8
45,7000	-4,8
45,8000	-4,8
45,9000	-4,8
46,0000	-4,8
46,1000	-4,9
46,2000	-4,9
46,3000	-4,9
46,4000	-4,9
46,5000	-4,9
46,6000	-4,9
46,7000	-4,9
46,8000	-5,0
46,9000	-5,0
47,0000	-5,0
47,1000	-5,0
47,2000	-5,0
47,3000	-5,0
47,4000	-5,0
47,5000	-5,0
47,6000	-5,1
47,7000	-5,1
47,8000	-5,1
47,9000	-5,1
48,0000	-5,1
48,1000	-5,1
48,2000	-5,1
48,3000	-5,2
48,4000	-5,2
48,5000	-5,2
48,6000	-5,2
48,7000	-5,2
48,8000	-5,2
48,9000	-5,2
49,0000	-5,2
49,1000	-5,3
49,2000	-5,3
49,3000	-5,3
49,4000	-5,3
49,5000	-5,3
49,6000	-5,3
49,7000	-5,3
49,8000	-5,4
49,9000	-5,4
50,0000	-5,4
50,1000	-5,4
50,2000	-5,4
50,3000	-5,4
50,4000	-5,4
50,5000	-5,5
50,6000	-5,5
50,7000	-5,5
50,8000	-5,5
50,9000	-5,5
51,0000	-5,5
0,0000	-5,6
0,1000	-5,6
0,2000	-5,6
0,3000	-5,6
0,4000	-5,6
0,5000	-5,6
0,6000	-5,6
0,7000	-5,6
0,8000	-5,7
0,9000	-5,7
1,0000	-5,7
1,1000	-5,7
1,2000	-5,7
1,3000	-5,7
1,4000	-5,7
1,5000	-5,8
1,6000	-5,8
1,7000	-5,8
1,8000	-5,8
1,9000	-5,8
2,0000	-5,8
2,1000	-5,8
2,2000	-5,9
2,3000	-5,9
2,4000	-5,9
2,5000	-5,9
2,6000	-5,9
2,7000	-5,9
2,8000	-5,9
2,9000	-5,9
3,0000	-6,0
3,1000	-6,0
3,2000	-6,0
3,3000	-6,0
3,4000	-6,0
3,5000	-6,0
3,6000	-6,1
3,7000	-6,1
3,8000	-6,1
3,9000	-6,1
4,0000	-6,1
4,1000	-6,1
4,2000	-6,1
4,3000	-6,2
4,4000	-6,2
4,5000	-6,2
4,6000	-6,2
4,7000	-6,2
4,8000	-6,2
4,9000	-6,2
5,0000	-6,2
5,1000	-6,3
5,2000	-6,3
5,3000	-6,3
5,4000	-6,3
5,5000	-6,3
5,6000	-6,3
5,7000	-6,4
5,8000	-6,4
5,9000	-6,4
6,0000	-6,4
6,1000	-6,4
6,2000	-6,4
6,3000	-6,4
6,4000	-6,5
6,5000	-6,5
6,6000	-6,5
6,7000	-6,5
6,8000	-6,5
6,9000	-6,5
7,0000	-6,5
7,1000	-6,6
7,2000	-6,6
7,3000	-6,6
7,4000	-6,6
7,5000	-6,6
7,6000	-6,6
7,7000	-6,6
7,8000	-6,7
7,9000	-6,7
8,0000	-6,7
8,1000	-6,7
8,2000	-6,7
8,3000	-6,7
8,4000	-6,7
8,5000	-6,8
8,6000	-6,8
8,7000	-6,8
8,8000	-6,8
8,9000	-6,8
9,0000	-6,8
9,1000	-6,8
9,2000	-6,9
9,3000	-6,9
9,4000	-6,9
9,5000	-6,9
9,6000	-6,9
9,7000	-6,9
9,8000	-7,0
9,9000	-7,0
10,0000	-7,0
10,1000	-7,0
10,2000	-7,0
10,3000	-7,0
10,4000	-7,0
10,5000	-7,1
10,6000	-7,1
10,7000	-7,1
10,8000	-7,1
10,9000	-7,1
11,0000	-7,1
11,1000	-7,2
11,2000	-7,2
11,3000	-7,2
11,4000	-7,2
11,5000	-7,2
11,6000	-7,2
11,7000	-7,2
11,8000	-7,3
11,9000	-7,3
12,0000	-7,3
12,1000	-7,3
12,2000	-7,3
12,3000	-7,3
12,4000	-7,3
12,5000	-7,4
12,6000	-7,4
12,7000	-7,4
12,8000	-7,4
12,9000	-7,4
13,0000	-7,4
13,1000	-7,5
13,2000	-7,5
13,3000	-7,5
13,4000	-7,5
13,5000	-7,5
13,6000	-7,5
13,7000	-7,6
13,8000	-7,6
13,9000	-7,6
14,0000	-7,6
14,1000	-7,6
14,2000	-7,6
14,3000	-7,7
14,4000	-7,7
14,5000	-7,7
14,6000	-7,7
14,7000	-7,7
14,8000	-7,7
14,9000	-7,7
15,0000	-7,8
15,1000	-7,8
15,2000	-7,8
15,3000	-7,8
15,4000	-7,8
15,5000	-7,8
15,6000	-7,9
15,7000	-7,9
15,8000	-7,9
15,9000	-7,9
16,0000	-7,9
16,1000	-7,9
16,2000	-8,0
16,3000	-8,0
16,4000	-8,0
16,5000	-8,0
16,6000	-8,0
16,7000	-8,0
16,8000	-8,1
16,9000	-8,1
17,0000	-8,1
17,1000	-8,1
17,2000	-8,1
17,3000	-8,1
17,4000	-8,2
17,5000	-8,2
17,6000	-8,2
17,7000	-8,2
17,8000	-8,2
17,9000	-8,2
18,0000	-8,3
18,1000	-8,3
18,2000	-8,3
18,3000	-8,3
18,4000	-8,3
18,5000	-8,3
18,6000	-8,4
18,7000	-8,4
18,8000	-8,4
18,9000	-8,4
19,0000	-8,4
19,1000	-8,4
19,2000	-8,5
19,3000	-8,5
19,4000	-8,5
19,5000	-8,5
19,6000	-8,5
19,7000	-8,5
19,8000	-8,6
19,9000	-8,6
20,0000	-8,6
20,1000	-8,6
20,2000	-8,6
20,3000	-8,6
20,4000	-8,7
20,5000	-8,7
20,6000	-8,7
20,7000	-8,7
20,8000	-8,7
20,9000	-8,7
21,0000	-8,8
21,1000	-8,8
21,2000	-8,8
21,3000	-8,8
21,4000	-8,8
21,5000	-8,8
21,6000	-8,9
21,7000	-8,9
21,8000	-8,9
21,9000	-8,9
22,0000	-8,9
22,1000	-9,0
22,2000	-9,0
22,3000	-9,0
22,4000	-9,0
22,5000	-9,0
22,6000	-9,0
22,7000	-9,1
22,8000	-9,1
22,9000	-9,1
23,0000	-9,1
23,1000	-9,1
23,2000	-9,1
23,3000	-9,2
23,4000	-9,2
23,5000	-9,2
23,6000	-9,2
23,7000	-9,2
23,8000	-9,2
23,9000	-9,3
24,0000	-9,3
24,1000	-9,3
24,2000	-9,3
24,3000	-9,3
24,4000	-9,4
24,5000	-9,4
24,6000	-9,4
24,7000	-9,4
24,8000	-9,4
24,9000	-9,4
25,0000	-9,5
25,1000	-9,5
25,2000	-9,5
25,3000	-9,5
25,4000	-9,5
25,5000	-9,5
25,6000	-9,6
25,7000	-9,6
25,8000	-9,6
25,9000	-9,6
26,0000	-9,6
26,1000	-9,7
26,2000	-9,7
26,3000	-9,7
26,4000	-9,7
26,5000	-9,7
26,6000	-9,7
26,7000	-9,7
26,8000	-9,8
26,9000	-9,8
27,0000	-9,8
27,1000	-9,8
27,2000	-9,8
27,3000	-9,9
27,4000	-9,9
27,5000	-9,9
27,6000	-9,9
27,7000	-9,9
27,8000	-9,9
27,9000	-10,0
28,0000	-10,0
28,1000	-10,0
28,2000	-10,0
28,3000	-10,0
28,4000	-10,0
28,5000	-10,1
28,6000	-10,1
28,7000	-10,1
28,8000	-10,1
28,9000	-10,1
29,0000	-10,1
29,1000	-10,2
29,2000	-10,2
29,3000	-10,2
29,4000	-10,2
29,5000	-10,2
29,6000	-10,2
29,7000	-10,3
29,8000	-10,3
29,9000	-10,3
30,0000	-10,3
30,1000	-10,3
30,2000	-10,3
30,3000	-10,4
30,4000	-10,4
30,5000	-10,4
30,6000	-10,4
30,7000	-10,4
30,8000	-10,4
30,9000	-10,4
31,0000	-10,5
31,1000	-10,5
31,2000	-10,5
31,3000	-10,5
31,4000	-10,5
31,5000	-10,5
31,6000	-10,6
31,7000	-10,6
31,8000	-10,6
31,9000	-10,6
32,0000	-10,6
32,1000	-10,6
32,2000	-10,7
32,3000	-10,7
32,4000	-10,7
32,5000	-10,7
32,6000	-10,7
32,7000	-10,7
32,8000	-10,8
32,9000	-10,8
33,0000	-10,8
33,1000	-10,8
33,2000	-10,8
33,3000	-10,8
33,4000	-10,9
33,5000	-10,9
33,6000	-10,9
33,7000	-10,9
33,8000	-10,9
33,9000	-10,9
34,0000	-10,9
34,1000	-11,0
34,2000	-11,0
34,3000	-11,0
34,4000	-11,0
34,5000	-11,0
34,6000	-11,0
34,7000	-11,1
34,8000	-11,1
34,9000	-11,1
35,0000	-11,1
35,1000	-11,1
35,2000	-11,1
35,3000	-11,2
35,4000	-11,2
35,5000	-11,2
35,6000	-11,2
35,7000	-11,2
35,8000	-11,2
35,9000	-11,3
36,0000	-11,3
36,1000	-11,3
36,2000	-11,3
36,3000	-11,3
36,4000	-11,3
36,5000	-11,3
36,6000	-11,4
36,7000	-11,4
36,8000	-11,4
36,9000	-11,4
37,0000	-11,4
37,1000	-11,4
37,2000	-11,5
37,3000	-11,5
37,4000	-11,5
37,5000	-11,5
37,6000	-11,5
37,7000	-11,5
37,8000	-11,6
37,9000	-11,6
38,0000	-11,6
38,1000	-11,6
38,2000	-11,6
38,3000	-11,6
38,4000	-11,6
38,5000	-11,7
38,6000	-11,7
38,7000	-11,7
38,8000	-11,7
38,9000	-11,7
39,0000	-11,7
39,1000	-11,8
39,2000	-11,8
39,3000	-11,8
39,4000	-11,8
39,5000	-11,8
39,6000	-11,8
39,7000	-11,9
39,8000	-11,9
39,9000	-11,9
40,0000	-11,9
40,1000	-11,9
40,2000	-11,9
40,3000	-11,9
40,4000	-12,0
40,5000	-12,0
40,6000	-12,0
40,7000	-12,0
40,8000	-12,0
40,9000	-12,0
41,0000	-12,1
41,1000	-12,1
41,2000	-12,1
41,3000	-12,1
41,4000	-12,1
41,5000	-12,1
41,6000	-12,1
41,7000	-12,2
41,8000	-12,2
41,9000	-12,2
42,0000	-12,2
42,1000	-12,2
42,2000	-12,2
42,3000	-12,3
42,4000	-12,3
42,5000	-12,3
42,6000	-12,3
42,7000	-12,3
42,8000	-12,3
42,9000	-12,3
43,0000	-12,4
43,1000	-12,4
43,2000	-12,4
43,3000	-12,4
43,4000	-12,4
43,5000	-12,4
43,6000	-12,5
43,7000	-12,5
43,8000	-12,5
43,9000	-12,5
44,0000	-12,5
44,1000	-12,5
44,2000	-12,6
44,3000	-12,6
44,4000	-12,6
44,5000	-12,6
44,6000	-12,6
44,7000	-12,6
44,8000	-12,6
44,9000	-12,7
45,0000	-12,7
45,1000	-12,7
45,2000	-12,7
45,3000	-12,7
45,4000	-12,7
45,5000	-12,7
45,6000	-12,8
45,7000	-12,8
45,8000	-12,8
45,9000	-12,8
46,0000	-12,8
46,1000	-12,8
46,2000	-12,9
46,3000	-12,9
46,4000	-12,9
46,5000	-12,9
46,6000	-12,9
46,7000	-12,9
46,8000	-12,9
46,9000	-13,0
47,0000	-13,0
47,1000	-13,0
47,2000	-13,0
47,3000	-13,0
47,4000	-13,0
47,5000	-13,0
47,6000	-13,1
47,7000	-13,1
47,8000	-13,1
47,9000	-13,1
48,0000	-13,1
48,1000	-13,1
48,2000	-13,2
48,3000	-13,2
48,4000	-13,2
48,5000	-13,2
48,6000	-13,2
48,7000	-13,2
48,8000	-13,2
48,9000	-13,3
49,0000	-13,3
49,1000	-13,3
49,2000	-13,3
49,3000	-13,3
49,4000	-13,3
49,5000	-13,4
49,6000	-13,4
49,7000	-13,4
49,8000	-13,4
49,9000	-13,4
50,0000	-13,4
50,1000	-13,4
50,2000	-13,5
50,3000	-13,5
50,4000	-13,5
50,5000	-13,5
50,6000	-13,5
50,7000	-13,5
50,8000	-13,5
50,9000	-13,6
51,0000	-13,6
0,0000	-13,6
0,1000	-13,6
0,2000	-13,6
0,3000	-13,7
0,4000	-13,7
0,5000	-13,7
0,6000	-13,7
0,7000	-13,7
0,8000	-13,7
0,9000	-13,7
1,0000	-13,8
1,1000	-13,8
1,2000	-13,8
1,3000	-13,8
1,4000	-13,8
1,5000	-13,8
1,6000	-13,8
1,7000	-13,9
1,8000	-13,9
1,9000	-13,9
2,0000	-13,9
2,1000	-13,9
2,2000	-13,9
2,3000	-14,0
2,4000	-14,0
2,5000	-14,0
2,6000	-14,0
2,7000	-14,0
2,8000	-14,0
2,9000	-14,0
3,0000	-14,1
3,1000	-14,1
3,2000	-14,1
3,3000	-14,1
3,4000	-14,1
3,5000	-14,1
3,6000	-14,1
3,7000	-14,2
3,8000	-14,2
3,9000	-14,2
4,0000	-14,2
4,1000	-14,2
4,2000	-14,2
4,3000	-14,2
4,4000	-14,3
4,5000	-14,3
4,6000	-14,3
4,7000	-14,3
4,8000	-14,3
4,9000	-14,3
5,0000	-14,3
5,1000	-14,4
5,2000	-14,4
5,3000	-14,4
5,4000	-14,4
5,5000	-14,4
5,6000	-14,4
5,7000	-14,4
5,8000	-14,5
5,9000	-14,5
6,0000	-14,5
6,1000	-14,5
6,2000	-14,5
6,3000	-14,5
6,4000	-14,5
6,5000	-14,6
6,6000	-14,6
6,7000	-14,6
6,8000	-14,6
6,9000	-14,6
7,0000	-14,6
7,1000	-14,6
7,2000	-14,7
7,3000	-14,7
7,4000	-14,7
7,5000	-14,7
7,6000	-14,7
7,7000	-14,7
7,8000	-14,7
7,9000	-14,8
8,0000	-14,8
8,1000	-14,8
8,2000	-14,8
8,3000	-14,8
8,4000	-14,8
8,5000	-14,8
8,6000	-14,9
8,7000	-14,9
8,8000	-14,9
8,9000	-14,9
9,0000	-14,9
9,1000	-14,9
9,2000	-14,9
9,3000	-15,0
9,4000	-15,0
9,5000	-15,0
9,6000	-15,0
9,7000	-15,0
9,8000	-15,0
9,9000	-15,0
10,0000	-15,1
10,1000	-15,1
10,2000	-15,1
10,3000	-15,1
10,4000	-15,1
10,5000	-15,1
10,6000	-15,1
10,7000	-15,2
10,8000	-15,2
10,9000	-15,2
11,0000	-15,2
11,1000	-15,2
11,2000	-15,2
11,3000	-15,2
11,4000	-15,3
11,5000	-15,3
11,6000	-15,3
11,7000	-15,3
11,8000	-15,3
11,9000	-15,3
12,0000	-15,3
12,1000	-15,4
12,2000	-15,4
12,3000	-15,4
12,4000	-15,4
12,5000	-15,4
12,6000	-15,4
12,7000	-15,4
12,8000	-15,5
12,9000	-15,5
13,0000	-15,5
13,1000	-15,5
13,2000	-15,5
13,3000	-15,5
13,4000	-15,5
13,5000	-15,5
13,6000	-15,6
13,7000	-15,6
13,8000	-15,6
13,9000	-15,6
14,0000	-15,6
14,1000	-15,6
14,2000	-15,7
14,3000	-15,7
14,4000	-15,7
14,5000	-15,7
14,6000	-15,7
14,7000	-15,7
14,8000	-15,7
14,9000	-15,7
15,0000	-15,8
15,1000	-15,8
15,2000	-15,8
15,3000	-15,8
15,4000	-15,8
15,5000	-15,8
15,6000	-15,8
15,7000	-15,9
15,8000	-15,9
15,9000	-15,9
16,0000	-15,9
16,1000	-15,9
16,2000	-15,9
16,3000	-15,9
16,4000	-15,9
16,5000	-15,9
16,6000	-16,0
16,7000	-16,0
16,8000	-16,0
16,9000	-16,0
17,0000	-16,0
17,1000	-16,0
17,2000	-16,0
17,3000	-16,0
17,4000	-16,0
17,5000	-16,1
17,6000	-16,1
17,7000	-16,1
17,8000	-16,1
17,9000	-16,1
18,0000	-16,1
18,1000	-16,1
18,2000	-16,1
18,3000	-16,2
18,4000	-16,2
18,5000	-16,2
18,6000	-16,2
18,7000	-16,2
18,8000	-16,2
18,9000	-16,2
19,0000	-16,3
19,1000	-16,3
19,2000	-16,3
19,3000	-16,3
19,4000	-16,3
19,5000	-16,3
19,6000	-16,3
19,7000	-16,3
19,8000	-16,4
19,9000	-16,4
20,0000	-16,4
20,1000	-16,4
20,2000	-16,4
20,3000	-16,4
20,4000	-16,4
20,5000	-16,5
20,6000	-16,5
20,7000	-16,5
20,8000	-16,5
20,9000	-16,5
21,0000	-16,5
21,1000	-16,5
21,2000	-16,5
21,3000	-16,6
21,4000	-16,6
21,5000	-16,6
21,6000	-16,6
21,7000	-16,6
21,8000	-16,6
21,9000	-16,6
22,0000	-16,7
22,1000	-16,7
22,2000	-16,7
22,3000	-16,7
22,4000	-16,7
22,5000	-16,7
22,6000	-16,7
22,7000	-16,8
22,8000	-16,8
22,9000	-16,8
23,0000	-16,8
23,1000	-16,8
23,2000	-16,8
23,3000	-16,8
23,4000	-16,9
23,5000	-16,9
23,6000	-16,9
23,7000	-16,9
23,8000	-16,9
23,9000	-16,9
24,0000	-16,9
24,1000	-17,0
24,2000	-17,0
24,3000	-17,0
24,4000	-17,0
24,5000	-17,0
24,6000	-17,0
24,7000	-17,0
24,8000	-17,0
24,9000	-17,1
25,0000	-17,1
25,1000	-17,1
25,2000	-17,1
25,3000	-17,1
25,4000	-17,1
25,5000	-17,2
25,6000	-17,2
25,7000	-17,2
25,8000	-17,2
25,9000	-17,2
26,0000	-17,2
26,1000	-17,2
26,2000	-17,2
26,3000	-17,3
26,4000	-17,3
26,5000	-17,3
26,6000	-17,3
26,7000	-17,3
26,8000	-17,3
26,9000	-17,3
27,0000	-17,4
27,1000	-17,4
27,2000	-17,4
27,3000	-17,4
27,4000	-17,4
27,5000	-17,4
27,6000	-17,5
27,7000	-17,5
27,8000	-17,5
27,9000	-17,5
28,0000	-17,5
28,1000	-17,5
28,2000	-17,5
28,3000	-17,5
28,4000	-17,6
28,5000	-17,6
28,6000	-17,6
28,7000	-17,6
28,8000	-17,6
28,9000	-17,6
29,0000	-17,6
29,1000	-17,7
29,2000	-17,7
29,3000	-17,7
29,4000	-17,7
29,5000	-17,7
29,6000	-17,7
29,7000	-17,7
29,8000	-17,8
29,9000	-17,8
30,0000	-17,8
30,1000	-17,8
30,2000	-17,8
30,3000	-17,8
30,4000	-17,8
30,5000	-17,8
30,6000	-17,9
30,7000	-17,9
30,8000	-17,9
30,9000	-17,9
31,0000	-17,9
31,1000	-17,9
31,2000	-17,9
31,3000	-18,0
31,4000	-18,0
31,5000	-18,0
31,6000	-18,0
31,7000	-18,0
31,8000	-18,0
31,9000	-18,0
32,0000	-18,0
32,1000	-18,1
32,2000	-18,1
32,3000	-18,1
32,4000	-18,1
32,5000	-18,1
32,6000	-18,1
32,7000	-18,1
32,8000	-18,2
32,9000	-18,2
33,0000	-18,2
33,1000	-18,2
33,2000	-18,2
33,3000	-18,2
33,4000	-18,2
33,5000	-18,2
33,6000	-18,3
33,7000	-18,3
33,8000	-18,3
33,9000	-18,3
34,0000	-18,3
34,1000	-18,3
34,2000	-18,3
34,3000	-18,4
34,4000	-18,4
34,5000	-18,4
34,6000	-18,4
34,7000	-18,4
34,8000	-18,4
34,9000	-18,4
35,0000	-18,4
35,1000	-18,5
35,2000	-18,5
35,3000	-18,5
35,4000	-18,5
35,5000	-18,5
35,6000	-18,5
35,7000	-18,5
35,8000	-18,5
35,9000	-18,6
36,0000	-18,6
36,1000	-18,6
36,2000	-18,6
36,3000	-18,6
36,4000	-18,6
36,5000	-18,6
36,6000	-18,6
36,7000	-18,7
36,8000	-18,7
36,9000	-18,7
37,0000	-18,7
37,1000	-18,7
37,2000	-18,7
37,3000	-18,7
37,4000	-18,7
37,5000	-18,8
37,6000	-18,8
37,7000	-18,8
37,8000	-18,8
37,9000	-18,8
38,0000	-18,8
38,1000	-18,8
38,2000	-18,8
38,3000	-18,8
38,4000	-18,9
38,5000	-18,9
38,6000	-18,9
38,7000	-18,9
38,8000	-18,9
38,9000	-18,9
39,0000	-18,9
39,1000	-18,9
39,2000	-19,0
39,3000	-19,0
39,4000	-19,0
39,5000	-19,0
39,6000	-19,0
39,7000	-19,0
39,8000	-19,0
39,9000	-19,0
40,0000	-19,0
40,1000	-19,1
40,2000	-19,1
40,3000	-19,1
40,4000	-19,1
40,5000	-19,1
40,6000	-19,1
40,7000	-19,1
40,8000	-19,1
40,9000	-19,2
41,0000	-19,2
41,1000	-19,2
41,2000	-19,2
41,3000	-19,2
41,4000	-19,2
41,5000	-19,2
41,6000	-19,2
41,7000	-19,2
41,8000	-19,3
41,9000	-19,3
42,0000	-19,3
42,1000	-19,3
42,2000	-19,3
42,3000	-19,3
42,4000	-19,3
42,5000	-19,3
42,6000	-19,3
42,7000	-19,4
42,8000	-19,4
42,9000	-19,4
43,0000	-19,4
43,1000	-19,4
43,2000	-19,4
43,3000	-19,4
43,4000	-19,4
43,5000	-19,4
43,6000	-19,5
43,7000	-19,5
43,8000	-19,5
43,9000	-19,5
44,0000	-19,5
44,1000	-19,5
44,2000	-19,5
44,3000	-19,5
44,4000	-19,5
44,5000	-19,5
44,6000	-19,6
44,7000	-19,6
44,8000	-19,6
44,9000	-19,6
45,0000	-19,6
45,1000	-19,6
45,2000	-19,6
45,3000	-19,6
45,4000	-19,6
45,5000	-19,7
45,6000	-19,7
45,7000	-19,7
45,8000	-19,7
45,9000	-19,7
46,0000	-19,7
46,1000	-19,7
46,2000	-19,7
46,3000	-19,7
46,4000	-19,8
46,5000	-19,8
46,6000	-19,8
46,7000	-19,8
46,8000	-19,8
46,9000	-19,8
47,0000	-19,8
47,1000	-19,8
47,2000	-19,8
47,3000	-19,8
47,4000	-19,9
47,5000	-19,9
47,6000	-19,9
47,7000	-19,9
47,8000	-19,9
47,9000	-19,9
48,0000	-19,9
48,1000	-19,9
48,2000	-19,9
48,3000	-19,9
48,4000	-20,0
48,5000	-20,0
48,6000	-20,0
48,7000	-20,0
48,8000	-20,0
48,9000	-20,0
49,0000	-20,0
49,1000	-20,0
49,2000	-20,0
49,3000	-20,0
49,4000	-20,1
49,5000	-20,1
49,6000	-20,1
49,7000	-20,1
49,8000	-20,1
49,9000	-20,1
50,0000	-20,1
50,1000	-20,1
50,2000	-20,1
50,3000	-20,1
50,4000	-20,2
50,5000	-20,2
50,6000	-20,2
50,7000	-20,2
50,8000	-20,2
50,9000	-20,2
51,0000	-20,2
0,0000	-20,2
0,1000	-20,3
0,2000	-20,3
0,3000	-20,3
0,4000	-20,3
0,5000	-20,3
0,6000	-20,3
0,7000	-20,3
0,8000	-20,3
0,9000	-20,3
1,0000	-20,3
1,1000	-20,3
1,2000	-20,4
1,3000	-20,4
1,4000	-20,4
1,5000	-20,4
1,6000	-20,4
1,7000	-20,4
1,8000	-20,4
1,9000	-20,4
2,0000	-20,4
2,1000	-20,4
2,2000	-20,5
2,3000	-20,5
2,4000	-20,5
2,5000	-20,5
2,6000	-20,5
2,7000	-20,5
2,8000	-20,5
2,9000	-20,5
3,0000	-20,5
3,1000	-20,5
3,2000	-20,6
3,3000	-20,6
3,4000	-20,6
3,5000	-20,6
3,6000	-20,6
3,7000	-20,6
3,8000	-20,6
3,9000	-20,6
4,0000	-20,6
4,1000	-20,6
4,2000	-20,6
4,3000	-20,7
4,4000	-20,7
4,5000	-20,7
4,6000	-20,7
4,7000	-20,7
4,8000	-20,7
4,9000	-20,7
5,0000	-20,7
5,1000	-20,7
5,2000	-20,7
5,3000	-20,8
5,4000	-20,8
5,5000	-20,8
5,6000	-20,8
5,7000	-20,8
5,8000	-20,8
5,9000	-20,8
6,0000	-20,8
6,1000	-20,8
6,2000	-20,8
6,3000	-20,8
6,4000	-20,9
6,5000	-20,9
6,6000	-20,9
6,7000	-20,9
6,8000	-20,9
6,9000	-20,9
7,0000	-20,9
7,1000	-20,9
7,2000	-20,9
7,3000	-20,9
7,4000	-20,9
7,5000	-21,0
7,6000	-21,0
7,7000	-21,0
7,8000	-21,0
7,9000	-21,0
8,0000	-21,0
8,1000	-21,0
8,2000	-21,0
8,3000	-21,0
8,4000	-21,0
8,5000	-21,1
8,6000	-21,1
8,7000	-21,1
8,8000	-21,1
8,9000	-21,1
9,0000	-21,1
9,1000	-21,1
9,2000	-21,1
9,3000	-21,1
9,4000	-21,1
9,5000	-21,1
9,6000	-21,1
9,7000	-21,2
9,8000	-21,2
9,9000	-21,2
10,0000	-21,2
10,1000	-21,2
10,2000	-21,2
10,3000	-21,2
10,4000	-21,2
10,5000	-21,2
10,6000	-21,2
10,7000	-21,2
10,8000	-21,3
10,9000	-21,3
11,0000	-21,3
11,1000	-21,3
11,2000	-21,3
11,3000	-21,3
11,4000	-21,3
11,5000	-21,3
11,6000	-21,3
11,7000	-21,3
11,8000	-21,3
11,9000	-21,3
12,0000	-21,3
12,1000	-21,4
12,2000	-21,4
12,3000	-21,4
12,4000	-21,4
12,5000	-21,4
12,6000	-21,4
12,7000	-21,4
12,8000	-21,4
12,9000	-21,4
13,0000	-21,4
13,1000	-21,4
13,2000	-21,4
13,3000	-21,5
13,4000	-21,5
13,5000	-21,5
13,6000	-21,5
13,7000	-21,5
13,8000	-21,5
13,9000	-21,5
14,0000	-21,5
14,1000	-21,5
14,2000	-21,5
14,3000	-21,5
14,4000	-21,6
14,5000	-21,6
14,6000	-21,6
14,7000	-21,6
14,8000	-21,6
14,9000	-21,6
15,0000	-21,6
15,1000	-21,6
15,2000	-21,6
15,3000	-21,6
15,4000	-21,6
15,5000	-21,6
15,6000	-21,7
15,7000	-21,7
15,8000	-21,7
15,9000	-21,7
16,0000	-21,7
16,1000	-21,7
16,2000	-21,7
16,3000	-21,7
16,4000	-21,7
16,5000	-21,7
16,6000	-21,7
16,7000	-21,7
16,8000	-21,7
16,9000	-21,8
17,0000	-21,8
17,1000	-21,8
17,2000	-21,8
17,3000	-21,8
17,4000	-21,8
17,5000	-21,8
17,6000	-21,8
17,7000	-21,8
17,8000	-21,8
17,9000	-21,8
18,0000	-21,8
18,1000	-21,9
18,2000	-21,9
18,3000	-21,9
18,4000	-21,9
18,5000	-21,9
18,6000	-21,9
18,7000	-21,9
18,8000	-21,9
18,9000	-21,9
19,0000	-21,9
19,1000	-21,9
19,2000	-21,9
19,3000	-21,9
19,4000	-22,0
19,5000	-22,0
19,6000	-22,0
19,7000	-22,0
19,8000	-22,0
19,9000	-22,0
20,0000	-22,0
20,1000	-22,0
20,2000	-22,0
20,3000	-22,0
20,4000	-22,0
20,5000	-22,0
20,6000	-22,0
20,7000	-22,1
20,8000	-22,1
20,9000	-22,1
21,0000	-22,1
21,1000	-22,1
21,2000	-22,1
21,3000	-22,1
21,4000	-22,1
21,5000	-22,1
21,6000	-22,1
21,7000	-22,1
21,8000	-22,1
21,9000	-22,1
22,0000	-22,1
22,1000	-22,2
22,2000	-22,2
22,3000	-22,2
22,4000	-22,2
22,5000	-22,2
22,6000	-22,2
22,7000	-22,2
22,8000	-22,2
22,9000	-22,2
23,0000	-22,2
23,1000	-22,2
23,2000	-22,2
23,3000	-22,3
23,4000	-22,3
23,5000	-22,3
23,6000	-22,3
23,7000	-22,3
23,8000	-22,3
23,9000	-22,3
24,0000	-22,3
24,1000	-22,3
24,2000	-22,3
24,3000	-22,3
24,4000	-22,3
24,5000	-22,3
24,6000	-22,3
24,7000	-22,4
24,8000	-22,4
24,9000	-22,4
25,0000	-22,4
25,1000	-22,4
25,2000	-22,4
25,3000	-22,4
25,4000	-22,4
25,5000	-22,4
25,6000	-22,4
25,7000	-22,4
25,8000	-22,4
25,9000	-22,4
26,0000	-22,4
26,1000	-22,5
26,2000	-22,5
26,3000	-22,5
26,4000	-22,5
26,5000	-22,5
26,6000	-22,5
26,7000	-22,5
26,8000	-22,5
26,9000	-22,5
27,0000	-22,5
27,1000	-22,5
27,2000	-22,5
27,3000	-22,5
27,4000	-22,6
27,5000	-22,6
27,6000	-22,6
27,7000	-22,6
27,8000	-22,6
27,9000	-22,6
28,0000	-22,6
28,1000	-22,6
28,2000	-22,6
28,3000	-22,6
28,4000	-22,6
28,5000	-22,6
28,6000	-22,6
28,7000	-22,6
28,8000	-22,7
28,9000	-22,7
29,0000	-22,7
29,1000	-22,7
29,2000	-22,7
29,3000	-22,7
29,4000	-22,7
29,5000	-22,7
29,6000	-22,7
29,7000	-22,7
29,8000	-22,7
29,9000	-22,7
30,0000	-22,7
30,1000	-22,7
30,2000	-22,7
30,3000	-22,8
30,4000	-22,8
30,5000	-22,8
30,6000	-22,8
30,7000	-22,8
30,8000	-22,8
30,9000	-22,8
31,0000	-22,8
31,1000	-22,8
31,2000	-22,8
31,3000	-22,8
31,4000	-22,8
31,5000	-22,8
31,6000	-22,8
31,7000	-22,8
31,8000	-22,9
31,9000	-22,9
32,0000	-22,9
32,1000	-22,9
32,2000	-22,9
32,3000	-22,9
32,4000	-22,9
32,5000	-22,9
32,6000	-22,9
32,7000	-22,9
32,8000	-22,9
32,9000	-22,9
33,0000	-22,9
33,1000	-22,9
33,2000	-22,9
33,3000	-23,0
33,4000	-23,0
33,5000	-23,0
33,6000	-23,0
33,7000	-23,0
33,8000	-23,0
33,9000	-23,0
34,0000	-23,0
34,1000	-23,0
34,2000	-23,0
34,3000	-23,0
34,4000	-23,0
34,5000	-23,0
34,6000	-23,0
34,7000	-23,0
34,8000	-23,0
34,9000	-23,1
35,0000	-23,1
35,1000	-23,1
35,2000	-23,1
35,3000	-23,1
35,4000	-23,1
35,5000	-23,1
35,6000	-23,1
35,7000	-23,1
35,8000	-23,1
35,9000	-23,1
36,0000	-23,1
36,1000	-23,1
36,2000	-23,1
36,3000	-23,1
36,4000	-23,2
36,5000	-23,2
36,6000	-23,2
36,7000	-23,2
36,8000	-23,2
36,9000	-23,2
37,0000	-23,2
37,1000	-23,2
37,2000	-23,2
37,3000	-23,2
37,4000	-23,2
37,5000	-23,2
37,6000	-23,2
37,7000	-23,2
37,8000	-23,2
37,9000	-23,2
38,0000	-23,3
38,1000	-23,3
38,2000	-23,3
38,3000	-23,3
38,4000	-23,3
38,5000	-23,3
38,6000	-23,3
38,7000	-23,3
38,8000	-23,3
38,9000	-23,3
39,0000	-23,3
39,1000	-23,3
39,2000	-23,3
39,3000	-23,3
39,4000	-23,3
39,5000	-23,4
39,6000	-23,4
39,7000	-23,4
39,8000	-23,4
39,9000	-23,4
40,0000	-23,4
40,1000	-23,4
40,2000	-23,4
40,3000	-23,4
40,4000	-23,4
40,5000	-23,4
40,6000	-23,4
40,7000	-23,4
40,8000	-23,4
40,9000	-23,4
41,0000	-23,4
41,1000	-23,5
41,2000	-23,5
41,3000	-23,5
41,4000	-23,5
41,5000	-23,5
41,6000	-23,5
41,7000	-23,5
41,8000	-23,5
41,9000	-23,5
42,0000	-23,5
42,1000	-23,5
42,2000	-23,5
42,3000	-23,5
42,4000	-23,5
42,5000	-23,5
42,6000	-23,5
42,7000	-23,6
42,8000	-23,6
42,9000	-23,6
43,0000	-23,6
43,1000	-23,6
43,2000	-23,6
43,3000	-23,6
43,4000	-23,6
43,5000	-23,6
43,6000	-23,6
43,7000	-23,6
43,8000	-23,6
43,9000	-23,6
44,0000	-23,6
44,1000	-23,6
44,2000	-23,6
44,3000	-23,7
44,4000	-23,7
44,5000	-23,7
44,6000	-23,7
44,7000	-23,7
44,8000	-23,7
44,9000	-23,7
45,0000	-23,7
45,1000	-23,7
45,2000	-23,7
45,3000	-23,7
45,4000	-23,7
45,5000	-23,7
45,6000	-23,7
45,7000	-23,7
45,8000	-23,7
45,9000	-23,7
46,0000	-23,7
46,1000	-23,8
46,2000	-23,8
46,3000	-23,8
46,4000	-23,8
46,5000	-23,8
46,6000	-23,8
46,7000	-23,8
46,8000	-23,8
46,9000	-23,8
47,0000	-23,8
47,1000	-23,8
47,2000	-23,8
47,3000	-23,8
47,4000	-23,8
47,5000	-23,8
47,6000	-23,9
47,7000	-23,9
47,8000	-23,9
47,9000	-23,9
48,0000	-23,9
48,1000	-23,9
48,2000	-23,9
48,3000	-23,9
48,4000	-23,9
48,5000	-23,9
48,6000	-23,9
48,7000	-23,9
48,8000	-23,9
48,9000	-23,9
49,0000	-23,9
49,1000	-23,9
49,2000	-23,9
49,3000	-23,9
49,4000	-24,0
49,5000	-24,0
49,6000	-24,0
49,7000	-24,0
49,8000	-24,0
49,9000	-24,0
50,0000	-24,0
50,1000	-24,0
50,2000	-24,0
50,3000	-24,0
50,4000	-24,0
50,5000	-24,0
50,6000	-24,0
50,7000	-24,0
50,8000	-24,0
50,9000	-24,0
51,0000	-24,0
0,0000	-24,1
0,1000	-24,1
0,2000	-24,1
0,3000	-24,1
0,4000	-24,1
0,5000	-24,1
0,6000	-24,1
0,7000	-24,1
0,8000	-24,1
0,9000	-24,1
1,0000	-24,1
1,1000	-24,1
1,2000	-24,1
1,3000	-24,1
1,4000	-24,1
1,5000	-24,1
1,6000	-24,2
1,7000	-24,2
1,8000	-24,2
1,9000	-24,2
2,0000	-24,2
2,1000	-24,2
2,2000	-24,2
2,3000	-24,2
2,4000	-24,2
2,5000	-24,2
2,6000	-24,2
2,7000	-24,2
2,8000	-24,2
2,9000	-24,2
3,0000	-24,2
3,1000	-24,2
3,2000	-24,2
3,3000	-24,2
3,4000	-24,2
3,5000	-24,2
3,6000	-24,3
3,7000	-24,3
3,8000	-24,3
3,9000	-24,3
4,0000	-24,3
4,1000	-24,3
4,2000	-24,3
4,3000	-24,3
4,4000	-24,3
4,5000	-24,3
4,6000	-24,3
4,7000	-24,3
4,8000	-24,3
4,9000	-24,3
5,0000	-24,3
5,1000	-24,3
5,2000	-24,3
5,3000	-24,3
5,4000	-24,3
5,5000	-24,4
5,6000	-24,4
5,7000	-24,4
5,8000	-24,4
5,9000	-24,4
6,0000	-24,4
6,1000	-24,4
6,2000	-24,4
6,3000	-24,4
6,4000	-24,4
6,5000	-24,4
6,6000	-24,4
6,7000	-24,4
6,8000	-24,4
6,9000	-24,4
7,0000	-24,4
7,1000	-24,4
7,2000	-24,4
7,3000	-24,4
7,4000	-24,4
7,5000	-24,5
7,6000	-24,5
7,7000	-24,5
7,8000	-24,5
7,9000	-24,5
8,0000	-24,5
8,1000	-24,5
8,2000	-24,5
8,3000	-24,5
8,4000	-24,5
8,5000	-24,5
8,6000	-24,5
8,7000	-24,5
8,8000	-24,5
8,9000	-24,5
9,0000	-24,5
9,1000	-24,5
9,2000	-24,5
9,3000	-24,5
9,4000	-24,6
9,5000	-24,6
9,6000	-24,6
9,7000	-24,6
9,8000	-24,6
9,9000	-24,6
10,0000	-24,6
10,1000	-24,6
10,2000	-24,6
10,3000	-24,6
10,4000	-24,6
10,5000	-24,6
10,6000	-24,6
10,7000	-24,6
10,8000	-24,6
10,9000	-24,6
11,0000	-24,6
11,1000	-24,6
11,2000	-24,6
11,3000	-24,6
11,4000	-24,6
11,5000	-24,6
11,6000	-24,7
11,7000	-24,7
11,8000	-24,7
11,9000	-24,7
12,0000	-24,7
12,1000	-24,7
12,2000	-24,7
12,3000	-24,7
12,4000	-24,7
12,5000	-24,7
12,6000	-24,7
12,7000	-24,7
12,8000	-24,7
12,9000	-24,7
13,0000	-24,7
13,1000	-24,7
13,2000	-24,7
13,3000	-24,7
13,4000	-24,7
13,5000	-24,7
13,6000	-24,8
13,7000	-24,8
13,8000	-24,8
13,9000	-24,8
14,0000	-24,8
14,1000	-24,8
14,2000	-24,8
14,3000	-24,8
14,4000	-24,8
14,5000	-24,8
14,6000	-24,8
14,7000	-24,8
14,8000	-24,8
14,9000	-24,8
15,0000	-24,8
15,1000	-24,8
15,2000	-24,8
15,3000	-24,8
15,4000	-24,8
15,5000	-24,8
15,6000	-24,8
15,7000	-24,8
15,8000	-24,9
15,9000	-24,9
16,0000	-24,9
16,1000	-24,9
16,2000	-24,9
16,3000	-24,9
16,4000	-24,9
16,5000	-24,9
16,6000	-24,9
16,7000	-24,9
16,8000	-24,9
16,9000	-24,9
17,0000	-24,9
17,1000	-24,9
17,2000	-24,9
17,3000	-24,9
17,4000	-24,9
17,5000	-24,9
17,6000	-24,9
17,7000	-24,9
17,8000	-24,9
17,9000	-24,9
18,0000	-24,9
18,1000	-24,9
18,2000	-25,0
18,3000	-25,0
18,4000	-25,0
18,5000	-25,0
18,6000	-25,0
18,7000	-25,0
18,8000	-25,0
18,9000	-25,0
19,0000	-25,0
19,1000	-25,0
19,2000	-25,0
19,3000	-25,0
19,4000	-25,0
19,5000	-25,0
19,6000	-25,0
19,7000	-25,0
19,8000	-25,0
19,9000	-25,0
20,0000	-25,0
20,1000	-25,0
20,2000	-25,0
20,3000	-25,0
