0.004000	105.666700
0.009700	106.457400
0.015400	108.663700
0.021100	108.291100
0.026800	107.196600
0.032500	108.958400
0.038200	111.101800
0.043900	114.250000
0.049600	119.445900
0.055300	129.039100
0.061000	137.991500
0.066700	145.489100
0.072400	150.361800
0.078100	154.117900
0.083800	156.250500
0.089500	157.093000
0.095200	159.555500
0.100900	160.967800
0.106600	161.673400
0.112300	162.068100
0.118000	162.086900
0.123700	163.492900
0.129400	164.396400
0.135100	164.735100
0.140800	165.346800
0.146500	166.448300
0.152200	167.236800
0.157900	167.163600
0.163600	167.442200
0.169300	167.383900
0.175000	167.683400
0.180700	168.295100
0.186400	168.498200
0.192100	167.938300
0.197800	167.734400
0.203500	167.083600
0.209200	166.989300
0.214900	166.968400
0.220600	167.195200
0.226300	167.016100
0.232000	167.000000
0.237700	167.551300
0.243400	169.329800
0.249100	170.301200
0.254800	170.189300
0.260500	169.231800
0.266200	169.000000
0.271900	169.013500
0.277600	169.318600
0.283300	169.312300
0.289000	169.333300
0.294700	169.199500
0.300400	169.637100
0.306100	169.647400
0.311800	169.991000
0.317500	169.882800
0.323200	169.928600
0.328900	169.055900
0.334600	168.136800
0.340300	168.565400
0.346000	168.448000
0.351700	168.645200
0.357400	169.260900
0.363100	168.360900
0.368800	167.941000
0.374500	168.333300
0.380200	168.522500
0.385900	169.313200
0.391600	169.143700
0.397300	168.847900
0.403010	168.692900
0.408710	168.619000
0.414410	169.600300
0.420110	168.774200
0.425810	168.890300
0.431510	169.642500
0.437210	169.236800
0.442910	168.533500
0.448610	169.043600
0.454310	168.864500
0.460010	168.350600
0.465710	168.356200
0.471410	168.490300
0.477110	169.101900
0.482810	169.206600
0.488510	168.932200
0.494210	169.267900
0.499910	169.114800
0.505610	170.032000
0.511310	170.059700
0.517010	170.333300
0.522710	170.333300
0.528410	171.081800
0.534110	170.953200
0.539810	170.668000
0.545510	170.239700
0.551210	169.069100
0.556910	169.578400
0.562610	169.789100
0.568310	169.540500
0.574010	169.646000
0.579710	169.602800
0.585410	170.057000
0.591110	170.667300
0.596810	170.633800
0.602510	169.790400
0.608210	170.121400
0.613910	170.482900
0.619610	170.545300
0.625310	170.333300
0.631010	170.617000
0.636710	171.228700
0.642410	171.655200
0.648110	172.125300
0.653810	171.977200
0.659510	170.987300
0.665210	171.533400
0.670910	171.494300
0.676610	171.682000
0.682310	172.260700
0.688010	171.977800
0.693710	172.321300
0.699410	171.826100
0.705110	172.071800
0.710810	171.281000
0.716510	170.562300
0.722210	170.418600
0.727910	171.667300
0.733610	172.594900
0.739310	172.339000
0.745010	173.235200
0.750710	172.866000
0.756410	171.893500
0.762110	172.303500
0.767810	172.382700
0.773510	173.227400
0.779210	173.333300
0.784910	172.735500
0.790610	171.990700
0.796310	173.248700
0.802010	172.691900
0.807710	172.417700
0.813410	172.408200
0.819110	172.312500
0.824810	172.677400
0.830510	173.122100
0.836210	173.408300
0.841910	173.042800
0.847610	172.989900
0.853310	172.843800
0.859010	173.014400
0.864710	172.832000
0.870410	172.383700
0.876110	173.240500
0.881810	173.961000
0.887510	174.125500
0.893210	173.839600
0.898910	173.338100
0.904610	173.937000
0.910310	174.077800
0.916010	173.732500
0.921710	174.126800
0.927410	173.538900
0.933110	172.749900
0.938810	172.733200
0.944510	172.048000
0.950210	171.069700
0.955910	170.429900
0.961610	170.626100
0.967310	170.657700
0.973010	171.409000
0.978710	173.051200
0.984410	173.448800
0.990110	172.606700
0.995810	171.676600
1.001510	171.841000
1.007210	172.740300
1.012910	172.460100
1.018610	171.213100
1.024310	171.489600
1.030010	171.689500
1.035710	172.194200
1.041410	171.760300
1.047110	170.915000
1.052810	171.139000
1.058510	171.431900
1.064210	170.897400
1.069910	170.710300
1.075610	170.005400
1.081310	170.501700
1.087010	170.903900
1.092710	170.926800
1.098410	170.967400
1.104110	171.579500
1.109810	172.109300
1.115510	172.201000
1.121210	172.838300
1.126910	171.982200
1.132610	172.088700
1.138310	172.839000
1.144010	171.801500
1.149710	170.747200
1.155410	170.716800
1.161110	170.637400
1.166810	171.049600
1.172510	170.415200
1.178210	170.964400
1.183910	170.824700
1.189610	170.706000
1.195320	171.167800
1.201020	171.939900
1.206720	171.813400
1.212420	171.760100
1.218120	171.986400
1.223820	173.150600
1.229520	173.651000
1.235220	172.729800
1.240920	172.663300
1.246620	172.477500
1.252320	171.423800
1.258020	171.306700
1.263720	170.569400
1.269420	171.587800
1.275120	171.619200
1.280820	171.045800
1.286520	171.131700
1.292220	170.707900
1.297920	170.025900
1.303620	169.973800
1.309320	170.526800
1.315020	171.550000
1.320720	171.397700
1.326420	171.480400
1.332120	170.856600
1.337820	171.264900
1.343520	169.683400
1.349220	169.413100
1.354920	169.632500
1.360620	170.201500
1.366320	169.808100
1.372020	169.784800
1.377720	169.450500
1.383420	169.698200
1.389120	169.989900
1.394820	169.953000
1.400520	171.189500
1.406220	171.133300
1.411920	171.037700
1.417620	170.968000
1.423320	171.509700
1.429020	171.442200
1.434720	171.255400
1.440420	171.602600
1.446120	171.800900
1.451820	171.967600
1.457520	172.335400
1.463220	170.915800
1.468920	170.406000
1.474620	170.801300
1.480320	170.464800
1.486020	170.367500
1.491720	170.512200
1.497420	170.540000
1.503120	171.114400
1.508820	170.363600
1.514520	169.747500
1.520220	170.169000
1.525920	170.046600
1.531620	170.264800
1.537320	169.655300
1.543020	169.291000
1.548720	169.261500
1.554420	168.864500
1.560120	169.311600
1.565820	168.958100
1.571520	168.851800
1.577220	169.565000
1.582920	169.653500
1.588620	170.143500
1.594320	168.604000
1.600020	168.003400
1.605720	167.920900
1.611420	167.174400
1.617120	167.689200
1.622820	167.285700
1.628520	167.543300
1.634220	168.572300
1.639920	168.666700
1.645620	168.579500
1.651320	168.862300
1.657020	167.949500
1.662720	167.884800
1.668420	167.466100
1.674120	166.620400
1.679820	166.634900
1.685520	167.241700
1.691220	167.922600
1.696920	167.115800
1.702620	166.880300
1.708320	166.929400
1.714020	166.278000
1.719720	166.688600
1.725420	167.001000
1.731120	167.669100
1.736820	167.401000
1.742520	167.322600
1.748220	166.303300
1.753920	165.676600
1.759620	165.918400
1.765320	166.674700
1.771020	167.349200
1.776720	166.771300
1.782420	166.078600
1.788120	166.327400
1.793820	166.450300
1.799520	166.246200
1.805220	165.689100
1.810920	166.865400
1.816620	166.412500
1.822320	165.946500
1.828020	166.676200
1.833720	166.419300
1.839420	165.649300
1.845120	164.941100
1.850820	165.076300
1.856520	164.805100
1.862220	165.460100
1.867920	165.135300
1.873620	164.949400
1.879320	166.665300
1.885020	167.302600
1.890720	165.848800
1.896420	166.202900
1.902120	166.142700
1.907820	165.755100
1.913520	166.324800
1.919220	164.359000
1.924920	162.581800
1.930620	162.587900
1.936320	163.208600
1.942020	161.627100
1.947720	162.174800
1.953420	162.716800
1.959120	164.429400
1.964820	163.486800
1.970520	162.934200
1.976220	164.464000
1.981930	164.417200
1.987630	163.601600
1.993330	162.845000
1.999030	163.056300
2.004730	162.745300
2.010430	162.087900
2.016130	161.453400
2.021830	161.260800
2.027530	162.163300
2.033230	162.838700
2.038930	162.338000
2.044630	160.904200
2.050330	160.468100
2.056030	160.200100
2.061730	160.167400
2.067430	159.383600
2.073130	158.963300
2.078830	158.172700
2.084530	159.134000
2.090230	160.522500
2.095930	159.659400
2.101630	159.163100
2.107330	161.146500
2.113030	161.517500
2.118730	160.882600
2.124430	159.397800
2.130130	160.657300
2.135830	159.502600
2.141530	157.611600
2.147230	156.976300
2.152930	157.265600
2.158630	159.558500
2.164330	159.388500
2.170030	158.563300
2.175730	157.503000
2.181430	157.652000
2.187130	157.783800
2.192830	156.426000
2.198530	156.252200
2.204230	157.005000
2.209930	156.925300
2.215630	155.672300
2.221330	157.028200
2.227030	160.034500
2.232730	160.263600
2.238430	157.314600
2.244130	157.053800
2.249830	156.628600
2.255530	156.909600
2.261230	157.553100
2.266930	156.361000
2.272630	155.188300
2.278330	154.420800
2.284030	154.321400
2.289730	155.106200
2.295430	154.976200
2.301130	154.833000
2.306830	154.745700
2.312530	154.748100
2.318230	153.980400
2.323930	156.785900
2.329630	156.152300
2.335330	155.915800
2.341030	154.716700
2.346730	153.941100
2.352430	156.784300
2.358130	157.297900
2.363830	157.660400
2.369530	157.495900
2.375230	156.663600
2.380930	157.877100
2.386630	155.479700
2.392330	155.721700
2.398030	154.146800
2.403730	152.484800
2.409430	152.670600
2.415130	152.472000
2.420830	154.489600
2.426530	156.122000
2.432230	155.333300
2.437930	155.661400
2.443630	154.669800
2.449330	155.036400
2.455030	155.327400
2.460730	155.293600
2.466430	154.612300
2.472130	154.265000
2.477830	153.293500
2.483530	152.507100
2.489230	152.196800
2.494930	151.441000
2.500630	150.953400
2.506330	152.567700
2.512030	156.456100
2.517730	151.542100
2.523430	149.462900
2.529130	150.275000
2.534830	148.681400
2.540530	149.150700
2.546230	148.489900
2.551930	148.865300
2.557630	147.565900
2.563330	144.929400
2.569030	145.375700
2.574730	142.901800
2.580430	141.753700
2.586130	143.721800
2.591830	141.488700
2.597530	141.321300
2.603230	142.638200
2.608930	137.744400
2.614630	136.938600
2.620330	135.109400
2.626030	134.893300
2.631730	136.067100
2.637430	134.994800
2.643130	134.176100
2.648830	129.199300
2.654530	130.524300
2.660230	131.286600
2.665930	127.840200
2.671630	125.403300
2.677330	125.763400
2.683030	123.018400
2.688730	119.215300
2.694430	117.926900
2.700130	115.938500
2.705830	114.856300
2.711530	113.704200
2.717230	113.305200
2.722930	111.626000
2.728630	110.905600
2.734330	110.219000
2.740030	109.284800
2.745730	110.394900
2.751430	111.973600
2.757130	114.749000
2.762830	116.790700
2.768530	127.238700
2.774240	138.181100
2.779940	150.448100
2.785640	155.891600
2.791340	160.125200
2.797040	163.352100
2.802740	165.844400
2.808440	167.376900
2.814140	168.693600
2.819840	169.608300
2.825540	170.271600
2.831240	170.883100
2.836940	171.000000
2.842640	172.122600
2.848340	171.687900
2.854040	171.462800
2.859740	171.487700
2.865440	168.896200
2.871140	168.530200
2.876840	166.826300
2.882540	164.679400
2.888240	163.043900
2.893940	162.555600
2.899640	156.372900
2.905340	143.066300
2.911040	128.506200
2.916740	120.493400
2.922440	116.141700
2.928140	113.960000
2.933840	111.985100
2.939540	113.480200
2.945240	115.579400
2.950940	117.827500
2.956640	118.657100
2.962340	119.034600
2.968040	122.321100
2.973740	124.287100
2.979440	124.670400
2.985140	126.021000
2.990840	126.750000
2.996540	128.522700
3.002240	131.240400
3.007940	131.275100
3.013640	130.435300
3.019340	131.867900
3.025040	136.450400
3.030740	138.463100
3.036440	139.110900
3.042140	144.279500
3.047840	147.717700
3.053540	148.556700
3.059240	147.979000
3.064940	147.656200
3.070640	148.781800
3.076340	147.878400
3.082040	148.866900
3.087740	150.977600
3.093440	150.714700
3.099140	153.097300
3.104840	152.207200
3.110540	152.319400
3.116240	154.047300
3.121940	153.734500
3.127640	155.103000
3.133340	153.475100
3.139040	154.184000
3.144740	154.586500
3.150440	151.382000
3.156140	152.702200
3.161840	154.837200
3.167540	155.590600
3.173240	156.007500
3.178940	155.392700
3.184640	155.289700
3.190340	154.345400
3.196040	156.709700
3.201740	157.654900
3.207440	154.170800
3.213140	154.190500
3.218840	156.900700
3.224540	155.839000
3.230240	156.684900
3.235940	156.702000
3.241640	156.639500
3.247340	156.010500
3.253040	155.792500
3.258740	155.610200
3.264440	154.004100
3.270140	155.213800
3.275840	155.579200
3.281540	156.859600
3.287240	156.175800
3.292940	156.111900
3.298640	157.751400
3.304340	158.515000
3.310040	158.545500
3.315740	158.554600
3.321440	156.644700
3.327140	158.072300
3.332840	158.406900
3.338540	157.924600
3.344240	160.458700
3.349940	162.442700
3.355640	159.606000
3.361340	157.477100
3.367040	156.591900
3.372740	157.716300
3.378440	157.976900
3.384140	158.416400
3.389840	159.495100
3.395540	159.113500
3.401240	159.786800
3.406940	159.134300
3.412640	160.349300
3.418340	160.376400
3.424040	159.260500
3.429740	159.114400
3.435440	158.989900
3.441140	161.180000
3.446840	162.015000
3.452540	160.576800
3.458240	160.291000
3.463940	160.521700
3.469640	161.553100
3.475340	162.070600
3.481040	160.759600
3.486740	160.343300
3.492440	160.521800
3.498140	161.694700
3.503840	163.428100
3.509540	163.109900
3.515240	162.260300
3.520940	161.488900
3.526640	163.018600
3.532340	163.254100
3.538040	163.875900
3.543740	164.273700
3.549440	163.519400
3.555140	163.598600
3.560840	162.911800
3.566550	163.788300
3.572250	165.436500
3.577950	163.716500
3.583650	163.663200
3.589350	164.745300
3.595050	164.270800
3.600750	163.350900
3.606450	164.553100
3.612150	164.409300
3.617850	164.485700
3.623550	166.413100
3.629250	166.759900
3.634950	166.877900
3.640650	166.213900
3.646350	165.795900
3.652050	166.027000
3.657750	164.867800
3.663450	165.684100
3.669150	165.554000
3.674850	166.715700
3.680550	167.696900
3.686250	168.281100
3.691950	166.244200
3.697650	165.772200
3.703350	166.612700
3.709050	167.642500
3.714750	166.987700
3.720450	166.477800
3.726150	166.979400
3.731850	168.466400
3.737550	168.006800
3.743250	168.683800
3.748950	169.021900
3.754650	168.638500
3.760350	169.347700
3.766050	168.815400
3.771750	169.443700
3.777450	168.826600
3.783150	169.407800
3.788850	170.422500
3.794550	169.820300
3.800250	169.905900
3.805950	170.365400
3.811650	170.725000
3.817350	171.795400
3.823050	171.447300
3.828750	170.743800
3.834450	169.854500
3.840150	169.510500
3.845850	170.406500
3.851550	170.625800
3.857250	170.459500
3.862950	171.067500
3.868650	171.907200
3.874350	171.968200
3.880050	172.614000
3.885750	172.857000
3.891450	172.795700
3.897150	172.613700
3.902850	171.593900
3.908550	171.334000
3.914250	171.768200
3.919950	172.371600
3.925650	173.559800
3.931350	173.265400
3.937050	174.261700
3.942750	173.685600
3.948450	174.218000
3.954150	175.441300
3.959850	173.743500
3.965550	173.247200
3.971250	174.309400
3.976950	174.020500
3.982650	174.533300
3.988350	174.328200
3.994050	174.400200
3.999750	173.908800
4.005450	174.240800
4.011150	174.666800
4.016850	174.666700
4.022550	174.422100
4.028250	174.236800
4.033950	174.831000
4.039650	175.824600
4.045350	176.132800
4.051050	176.034000
4.056750	175.598300
4.062450	175.997700
4.068150	175.879900
4.073850	176.154900
4.079550	175.867400
4.085250	175.032700
4.090950	174.105300
4.096650	174.452700
4.102350	174.535000
4.108050	174.511700
4.113750	174.684300
4.119450	175.118300
4.125150	176.166900
4.130850	175.759600
4.136550	174.997300
4.142250	175.282100
4.147950	175.422500
4.153650	176.361000
4.159350	177.251800
4.165050	177.634200
4.170750	177.286800
4.176450	176.677500
4.182150	176.834500
4.187850	177.000000
4.193550	177.412800
4.199250	177.729700
4.204950	177.467200
4.210650	177.647600
4.216350	177.690600
4.222050	178.025100
4.227750	178.304200
4.233450	177.463400
4.239150	176.867600
4.244850	176.463800
4.250550	176.753400
4.256250	177.101900
4.261950	176.619700
4.267650	176.778400
4.273350	177.123600
4.279050	177.289600
4.284750	177.149800
4.290450	177.632200
4.296150	177.627800
4.301850	177.340900
4.307550	176.654600
4.313250	175.919400
4.318950	175.696200
4.324650	176.907700
4.330350	178.130000
4.336050	177.605300
4.341750	177.832900
4.347450	178.579700
4.353150	179.034300
4.358860	178.689800
4.364560	178.321100
4.370260	179.013900
4.375960	179.457700
4.381660	178.814000
4.387360	178.455600
4.393060	177.822200
4.398760	178.461800
4.404460	178.992100
4.410160	178.666700
4.415860	178.637300
4.421560	177.861600
4.427260	178.863300
4.432960	179.586700
4.438660	179.387000
4.444360	179.493300
4.450060	179.100600
4.455760	178.870700
4.461460	178.847700
4.467160	179.172000
4.472860	179.160600
4.478560	178.922500
4.484260	178.831600
4.489960	178.661500
4.495660	179.036000
4.501360	179.662700
4.507060	179.760600
4.512760	179.685400
4.518460	179.820600
4.524160	180.955900
4.529860	180.625400
4.535560	181.371100
4.541260	180.558300
4.546960	180.277000
4.552660	179.662500
4.558360	179.592700
4.564060	179.516600
4.569760	180.202700
4.575460	179.272200
4.581160	179.394000
4.586860	179.341400
4.592560	179.287000
4.598260	179.560000
4.603960	179.825900
4.609660	180.921500
4.615360	180.061300
4.621060	179.849100
4.626760	179.575100
4.632460	179.615800
4.638160	180.577800
4.643860	179.711700
4.649560	179.047000
4.655260	178.913200
4.660960	179.255000
4.666660	179.794800
4.672360	180.025500
4.678060	180.099300
4.683760	180.471600
4.689460	181.319700
4.695160	179.896000
4.700860	180.212600
4.706560	181.170400
4.712260	181.747700
4.717960	182.140200
4.723660	181.247700
4.729360	180.716300
4.735060	180.945400
4.740760	180.895900
4.746460	180.458400
4.752160	180.443500
4.757860	180.142200
4.763560	180.907400
4.769260	181.266400
4.774960	181.287600
4.780660	181.642000
4.786360	181.419800
4.792060	180.571300
4.797760	180.660400
4.803460	180.684100
4.809160	180.947600
4.814860	181.139000
4.820560	181.121400
4.826260	180.992500
4.831960	180.869100
4.837660	181.130800
4.843360	181.105300
4.849060	180.666700
4.854760	181.552000
4.860460	181.857100
4.866160	181.120300
4.871860	180.604200
4.877560	180.633000
4.883260	180.546600
4.888960	180.734500
4.894660	181.417200
4.900360	181.783400
4.906060	181.629200
4.911760	181.435100
4.917460	181.666700
4.923160	181.529200
4.928860	181.291100
4.934560	180.830300
4.940260	181.843700
4.945960	182.725800
4.951660	182.360800
4.957360	182.071800
4.963060	180.853100
4.968760	181.176400
4.974460	181.392400
4.980160	181.013400
4.985860	180.903400
4.991560	181.544600
4.997260	182.197100
5.002960	182.001500
5.008660	182.125700
5.014360	182.055000
5.020060	181.724200
5.025760	181.020800
5.031460	181.129500
5.037160	181.068400
5.042860	182.838900
5.048560	182.183000
5.054260	182.293100
5.059960	182.391700
5.065660	182.333300
5.071360	182.333300
5.077060	181.570800
5.082760	181.333300
5.088460	181.333300
5.094160	181.333300
5.099860	181.333300
5.105560	181.333300
5.111260	181.333300
5.116960	181.267400
5.122660	181.308600
5.128360	180.549600
5.134060	181.169300
5.139770	181.333300
5.145470	181.333300
5.151170	181.671400
5.156870	182.283000
5.162570	181.498400
5.168270	181.232000
5.173970	181.401700
5.179670	181.798000
5.185370	182.000000
5.191070	181.468600
5.196770	181.204600
5.202470	181.498500
5.208170	180.849000
5.213870	180.659300
5.219570	181.011400
5.225270	181.626400
5.230970	181.599900
5.236670	180.990400
5.242370	181.319300
5.248070	181.659300
5.253770	182.095900
5.259470	182.851800
5.265170	182.061200
5.270870	181.804100
5.276570	181.689500
5.282270	181.646500
5.287970	181.333300
5.293670	181.333300
5.299370	181.429500
5.305070	181.333300
5.310770	181.333300
5.316470	181.333300
5.322170	181.300500
5.327870	181.188800
5.333570	180.724600
5.339270	180.040700
5.344970	180.145600
5.350670	180.305200
5.356370	180.484200
5.362070	180.363500
5.367770	180.386000
5.373470	181.366300
5.379170	180.793500
5.384870	180.780800
5.390570	180.183100
5.396270	180.109200
5.401970	180.711000
5.407670	181.526000
5.413370	181.708300
5.419070	181.792800
5.424770	181.002000
5.430470	181.854200
5.436170	181.420500
5.441870	180.629800
5.447570	180.077000
5.453270	181.037200
5.458970	181.361200
5.464670	181.485800
5.470370	181.136200
5.476070	181.000000
5.481770	181.000000
5.487470	181.426600
5.493170	181.350800
5.498870	180.666700
5.504570	180.580500
5.510270	181.089500
5.515970	181.333300
5.521670	181.369300
5.527370	181.101900
5.533070	180.229000
5.538770	180.275200
5.544470	180.005400
5.550170	178.893700
5.555870	178.258900
5.561570	177.304500
5.567270	176.416000
5.572970	174.766600
5.578670	173.206600
5.584370	171.393800
5.590070	169.727300
5.595770	167.657900
5.601470	165.702300
5.607170	164.109900
5.612870	156.483800
5.618570	143.983700
5.624270	132.068500
5.629970	123.750800
5.635670	120.282900
5.641370	119.959100
5.647070	118.115800
5.652770	118.143500
5.658470	117.466200
5.664170	116.150300
5.669870	115.666700
