0.00000	52.0000
0.00167	49.2349
0.00333	48.0634
0.00500	48.6651
0.00666	49.5821
0.00833	49.2151
0.00999	49.2976
0.01166	50.2833
0.01333	50.9127
0.01499	48.7246
0.01666	48.4734
0.01832	48.6306
0.01999	46.8323
0.02165	48.0245
0.02332	49.6250
0.02498	49.3729
0.02665	49.0866
0.02832	48.2815
0.02998	48.3213
0.03165	49.2824
0.03331	48.9305
0.03498	48.9125
0.03664	49.5823
0.03831	50.2832
0.03998	51.8479
0.04164	50.4817
0.04331	48.3435
0.04497	48.5828
0.04664	51.7622
0.04830	52.5965
0.04997	51.3843
0.05164	50.1972
0.05330	49.8569
0.05497	49.1324
0.05663	49.3231
0.05830	48.1470
0.05996	47.1173
0.06163	46.2689
0.06329	46.0848
0.06496	45.6415
0.06663	45.9977
0.06829	47.4827
0.06996	47.4230
0.07162	47.2180
0.07329	44.9015
0.07495	43.9513
0.07662	43.0079
0.07829	42.7816
0.07995	43.6444
0.08162	43.9061
0.08328	41.7697
0.08495	40.3768
0.08661	39.4546
0.08828	39.6002
0.08995	39.2640
0.09161	38.5361
0.09328	37.2450
0.09494	36.8424
0.09661	39.0632
0.09827	38.1187
0.09994	36.7517
0.10160	37.0124
0.10327	35.5127
0.10494	34.7699
0.10660	35.3202
0.10827	35.6064
0.10993	34.1658
0.11160	33.9616
0.11326	34.5284
0.11493	33.8172
0.11660	33.4772
0.11826	32.5596
0.11993	31.2684
0.12159	31.8152
0.12326	32.6648
0.12492	31.7726
0.12659	30.6775
0.12826	31.6883
0.12992	32.1295
0.13159	32.4237
0.13325	33.8043
0.13492	35.3524
0.13658	34.6981
0.13825	33.8332
0.13991	33.0963
0.14158	32.5832
0.14325	33.5874
0.14491	34.0181
0.14658	30.1405
0.14824	29.8906
0.14991	30.4327
0.15157	30.5986
0.15324	29.7347
0.15491	29.1546
0.15657	30.8254
0.15824	33.4129
0.15990	32.8112
0.16157	31.4597
0.16323	31.7509
0.16490	32.3303
0.16657	31.0170
0.16823	30.6087
0.16990	31.8344
0.17156	30.7835
0.17323	30.3333
0.17489	30.4521
0.17656	30.7062
0.17822	30.3299
0.17989	28.4857
0.18156	28.3215
0.18322	30.0254
0.18489	29.1214
0.18655	30.5069
0.18822	30.9287
0.18988	31.2870
0.19155	30.6506
0.19322	30.3216
0.19488	31.7433
0.19655	32.0162
0.19821	31.0895
0.19988	31.2452
0.20154	32.0000
0.20321	32.6805
0.20487	33.6268
0.20654	31.4633
0.20821	31.3140
0.20987	32.8300
0.21154	31.5572
0.21320	29.4053
0.21487	28.2888
0.21653	28.5961
0.21820	28.3627
0.21987	28.7326
0.22153	29.5947
0.22320	30.4178
0.22486	30.0424
0.22653	29.8787
0.22819	29.6534
0.22986	27.8109
0.23153	27.5238
0.23319	29.7073
0.23486	30.0291
0.23652	29.5688
0.23819	30.3574
0.23985	30.5860
0.24152	29.4569
0.24318	28.2133
0.24485	28.0283
0.24652	28.5474
0.24818	27.7191
0.24985	28.5030
0.25151	29.8034
0.25318	29.7790
0.25484	30.7126
0.25651	30.4441
0.25818	31.0445
0.25984	31.4527
0.26151	31.1601
0.26317	29.5201
0.26484	29.0718
0.26650	28.6025
0.26817	26.9585
0.26984	27.7177
0.27150	29.7907
0.27317	30.8112
0.27483	29.1470
0.27650	28.8407
0.27816	28.7020
0.27983	30.3318
0.28149	30.4525
0.28316	30.2610
0.28483	29.8793
0.28649	30.2734
0.28816	32.2733
0.28982	31.8409
0.29149	30.3568
0.29315	29.6303
0.29482	30.5622
0.29649	30.3927
0.29815	31.2601
0.29982	31.2212
0.30148	31.0238
0.30315	30.8369
0.30481	29.6279
0.30648	28.9694
0.30815	29.4967
0.30981	29.9275
0.31148	30.2911
0.31314	31.3573
0.31481	29.9443
0.31647	29.0114
0.31814	30.3853
0.31980	30.7061
0.32147	29.4265
0.32314	27.8810
0.32480	28.3398
0.32647	29.4420
0.32813	29.8193
0.32980	29.1433
0.33146	30.4290
0.33313	31.1149
0.33480	29.8232
0.33646	28.2080
0.33813	27.9183
0.33979	29.5575
0.34146	31.9519
0.34312	29.7517
0.34479	29.5984
0.34646	30.7421
0.34812	31.0018
0.34979	30.0343
0.35145	29.6667
0.35312	29.4585
0.35478	29.0191
0.35645	30.3805
0.35811	31.6199
0.35978	31.5158
0.36145	32.0943
0.36311	31.2111
0.36478	30.2264
0.36644	29.4892
0.36811	28.7462
0.36977	28.9318
0.37144	29.7512
0.37311	29.3442
0.37477	28.3125
0.37644	28.9559
0.37810	29.4361
0.37977	30.7278
0.38143	31.2390
0.38310	32.5758
0.38477	33.2517
0.38643	33.8202
0.38810	33.4409
0.38976	32.0481
0.39143	31.6387
0.39309	31.1640
0.39476	30.2046
0.39642	31.2585
0.39809	30.9001
0.39976	29.4270
0.40142	29.3004
0.40309	30.5522
0.40475	30.9904
0.40642	30.7879
0.40808	29.4283
0.40975	28.6667
0.41142	28.6931
0.41308	30.5399
0.41475	30.3334
0.41641	29.5900
0.41808	30.6747
0.41974	31.1800
0.42141	30.4071
0.42308	31.3396
0.42474	30.8537
0.42641	29.4618
0.42807	29.5169
0.42974	28.7715
0.43140	29.3786
0.43307	29.5134
0.43473	27.8681
0.43640	28.1188
0.43807	30.7923
0.43973	31.2462
0.44140	30.2235
0.44306	28.8830
0.44473	30.1890
0.44639	30.0217
0.44806	30.0033
0.44973	28.1950
0.45139	27.3694
0.45306	28.8848
0.45472	31.2424
0.45639	31.9399
0.45805	30.6389
0.45972	30.0289
0.46139	28.5670
0.46305	30.0586
0.46472	30.9496
0.46638	31.3100
0.46805	30.9789
0.46971	31.1163
0.47138	29.7255
0.47304	29.7230
0.47471	30.6189
0.47638	29.4111
0.47804	29.3824
0.47971	30.5645
0.48137	31.0867
0.48304	30.5761
0.48470	29.3878
0.48637	30.2556
0.48804	31.2404
0.48970	30.5764
0.49137	29.9334
0.49303	29.1090
0.49470	32.2328
0.49636	31.9062
0.49803	30.8553
0.49970	29.3175
0.50136	30.2246
0.50303	30.7018
0.50469	30.5820
0.50636	31.1990
0.50802	32.3186
0.50969	33.3202
0.51135	31.5994
0.51302	31.7674
0.51469	30.7358
0.51635	31.5060
0.51802	32.7148
0.51968	32.6248
0.52135	31.8873
0.52301	31.5980
0.52468	30.6758
0.52635	28.7463
0.52801	27.1068
0.52968	27.5431
0.53134	28.0297
0.53301	27.8558
0.53467	27.3348
0.53634	27.8351
0.53801	29.5304
0.53967	31.1822
0.54134	31.6949
0.54300	32.2501
0.54467	34.4708
0.54633	34.0023
0.54800	32.6239
0.54966	31.7439
0.55133	33.5082
0.55300	32.9992
0.55466	30.4893
0.55633	27.9134
0.55799	29.3552
0.55966	31.8032
0.56132	31.7105
0.56299	29.9712
0.56466	31.0272
0.56632	30.5726
0.56799	29.7190
0.56965	30.4339
0.57132	32.7072
0.57298	31.3581
0.57465	29.3281
0.57632	27.3020
0.57798	27.5669
0.57965	27.7366
0.58131	29.4191
0.58298	31.4963
0.58464	32.5844
0.58631	32.0325
0.58797	31.3564
0.58964	30.6804
0.59131	30.6212
0.59297	30.1569
0.59464	31.0565
0.59630	31.5376
0.59797	31.4123
0.59963	30.4109
0.60130	33.2076
0.60297	31.1564
0.60463	29.8209
0.60630	28.8975
0.60796	28.4283
0.60963	29.2745
0.61129	30.8424
0.61296	30.2231
0.61462	28.6267
0.61629	29.2676
0.61796	31.7294
0.61962	34.5870
0.62129	33.9960
0.62295	32.1747
0.62462	33.0213
0.62628	32.8893
0.62795	31.4495
0.62962	30.8764
0.63128	31.5772
0.63295	32.0964
0.63461	30.7826
0.63628	30.6739
0.63794	31.7214
0.63961	32.3163
0.64128	30.9780
0.64294	30.3085
0.64461	32.5280
0.64627	32.8322
0.64794	29.8693
0.64960	28.2044
0.65127	27.7646
0.65293	27.7577
0.65460	29.0043
0.65627	29.5654
0.65793	29.4498
0.65960	30.3268
0.66126	29.9542
0.66293	29.8633
0.66459	31.8772
0.66626	31.7721
0.66793	29.4474
0.66959	28.1608
0.67126	27.1302
0.67292	26.9650
0.67459	30.9454
0.67625	31.9209
0.67792	30.6568
0.67959	29.8407
0.68125	28.6626
0.68292	28.4940
0.68458	31.3086
0.68625	30.4760
0.68791	28.2242
0.68958	28.3517
0.69124	30.7493
0.69291	32.2763
0.69458	32.5961
0.69624	30.6314
0.69791	28.3988
0.69957	29.2422
0.70124	29.7776
0.70290	29.3818
0.70457	29.4538
0.70624	29.4583
0.70790	30.6429
0.70957	31.6052
0.71123	31.4409
0.71290	31.1301
0.71456	30.9339
0.71623	29.5859
0.71790	28.7604
0.71956	29.3845
0.72123	28.4552
0.72289	30.2404
0.72456	31.5229
0.72622	30.2436
0.72789	29.5608
0.72955	30.1856
0.73122	30.7089
0.73289	30.5027
0.73455	31.0545
0.73622	30.3039
0.73788	30.6300
0.73955	32.4072
0.74121	32.1884
0.74288	30.2368
0.74455	28.4391
0.74621	28.6431
0.74788	29.0162
0.74954	29.5526
0.75121	30.8455
0.75287	31.0432
0.75454	30.6694
0.75621	29.9887
0.75787	30.7248
0.75954	31.6172
0.76120	33.9519
0.76287	34.6332
0.76453	33.7432
0.76620	32.0309
0.76786	31.7146
0.76953	31.6023
0.77120	29.6667
0.77286	29.6667
0.77453	30.5777
0.77619	29.3908
0.77786	27.3563
0.77952	27.0064
0.78119	29.4898
0.78286	31.8075
0.78452	30.6701
0.78619	29.0124
0.78785	30.2044
0.78952	30.3672
0.79118	29.9620
0.79285	30.4831
0.79452	31.2794
0.79618	32.1589
0.79785	31.6676
0.79951	31.5444
0.80118	30.5202
0.80284	31.9865
0.80451	33.3081
0.80617	32.2230
0.80784	32.2543
0.80951	32.8031
0.81117	32.4310
0.81284	31.7022
0.81450	31.7306
0.81617	32.0238
0.81783	29.3111
0.81950	29.1794
0.82117	28.9585
0.82283	28.7420
0.82450	31.6604
0.82616	32.8786
0.82783	32.6268
0.82949	30.8892
0.83116	30.0808
0.83283	30.3523
0.83449	32.2118
0.83616	33.1354
0.83782	33.1567
0.83949	31.9111
0.84115	30.4091
0.84282	29.7368
0.84448	30.2655
0.84615	30.8474
0.84782	30.5350
0.84948	30.1608
0.85115	29.8237
0.85281	29.9355
0.85448	31.5425
0.85614	33.0126
0.85781	32.6186
0.85948	31.9741
0.86114	31.1801
0.86281	31.0046
0.86447	31.9965
0.86614	32.6890
0.86780	31.9657
0.86947	30.3029
0.87114	28.9743
0.87280	29.5782
0.87447	31.8256
0.87613	34.2089
0.87780	33.9318
0.87946	32.3767
0.88113	32.7515
0.88279	32.7467
0.88446	32.3402
0.88613	32.2954
0.88779	32.4443
0.88946	33.6717
0.89112	34.2116
0.89279	34.9001
0.89445	33.8172
0.89612	33.1075
0.89779	33.8391
0.89945	34.6983
0.90112	32.6852
0.90278	32.3298
0.90445	31.2564
0.90611	31.2567
0.90778	31.2305
0.90945	30.9161
0.91111	31.4218
0.91278	32.6535
0.91444	33.9725
0.91611	32.9522
0.91777	31.8423
0.91944	30.7389
0.92110	31.5977
0.92277	32.3223
0.92444	32.8150
0.92610	34.0861
0.92777	33.4877
0.92943	33.2321
0.93110	31.5988
0.93276	30.2241
0.93443	30.8606
0.93610	33.3722
0.93776	35.6655
0.93943	36.3430
0.94109	34.0697
0.94276	32.3840
0.94442	31.7305
0.94609	30.2284
0.94776	29.3302
0.94942	30.1556
0.95109	30.8738
0.95275	30.0923
0.95442	29.5653
0.95608	31.0493
0.95775	31.7253
0.95941	31.5174
0.96108	31.2970
0.96275	32.7100
0.96441	32.5377
0.96608	32.7183
0.96774	32.4280
0.96941	31.7159
0.97107	31.5490
0.97274	30.4068
0.97441	31.0286
0.97607	31.8925
0.97774	32.2750
0.97940	32.5738
0.98107	33.9120
0.98273	34.3595
0.98440	32.3846
0.98607	30.8799
0.98773	29.7618
0.98940	30.0594
0.99106	31.2782
0.99273	31.8710
0.99439	32.6252
0.99606	33.0878
0.99772	33.1701
0.99939	32.4893
1.00106	28.7672
1.00272	27.0587
1.00439	28.9598
1.00605	31.1514
1.00772	32.3353
1.00938	31.9488
1.01105	32.0869
1.01272	32.9627
1.01438	33.9855
1.01605	34.7220
1.01771	33.0123
1.01938	31.1812
1.02104	31.6458
1.02271	31.8343
1.02437	29.9865
1.02604	29.1143
1.02771	31.3361
1.02937	33.3461
1.03104	33.0844
1.03270	31.9814
1.03437	32.8110
1.03603	33.4210
1.03770	34.9802
1.03937	33.3418
1.04103	32.9611
1.04270	34.7945
1.04436	37.7655
1.04603	36.4520
1.04769	33.0429
1.04936	29.3553
1.05103	28.0490
1.05269	29.9239
1.05436	32.2398
1.05602	33.5193
1.05769	33.6480
1.05935	32.7070
1.06102	33.0570
1.06268	33.6319
1.06435	33.1733
1.06602	34.0670
1.06768	35.5853
1.06935	34.8330
1.07101	32.3994
1.07268	33.2506
1.07434	34.7301
1.07601	35.1826
1.07768	33.6437
1.07934	33.4959
1.08101	33.8404
1.08267	31.6806
1.08434	30.0534
1.08600	32.5962
1.08767	33.5730
1.08934	32.1295
1.09100	32.5392
1.09267	32.2924
1.09433	31.5828
1.09600	32.2192
1.09766	31.3419
1.09933	31.0773
1.10099	32.0783
1.10266	33.4014
1.10433	34.6153
1.10599	34.9274
1.10766	33.5519
1.10932	31.5360
1.11099	31.4162
1.11265	32.5774
1.11432	33.0410
1.11599	31.6280
1.11765	31.1488
1.11932	31.6350
1.12098	32.3110
1.12265	32.8262
1.12431	32.3360
1.12598	31.8341
1.12765	32.4492
1.12931	32.7065
1.13098	32.7882
1.13264	33.8786
1.13431	35.2487
1.13597	36.3569
1.13764	36.5758
1.13930	35.6651
1.14097	34.5176
1.14264	33.7863
1.14430	34.2088
1.14597	34.1159
1.14763	34.1924
1.14930	33.4293
1.15096	32.3631
1.15263	31.2882
1.15430	33.1745
1.15596	34.8661
1.15763	35.2623
1.15929	32.8661
1.16096	31.5361
1.16262	31.8217
1.16429	32.3584
1.16596	31.6048
1.16762	31.9346
1.16929	33.7813
1.17095	34.0761
1.17262	34.4049
1.17428	35.7647
1.17595	36.0402
1.17761	35.6061
1.17928	36.0317
1.18095	34.8430
1.18261	33.9933
1.18428	32.7044
1.18594	32.0825
1.18761	33.4580
1.18927	34.8449
1.19094	33.9454
1.19261	34.9254
1.19427	34.4632
1.19594	33.7151
1.19760	34.0004
1.19927	33.2779
1.20093	33.6362
1.20260	35.2960
1.20427	34.5210
1.20593	33.7488
1.20760	33.2933
1.20926	32.1396
1.21093	33.5580
1.21259	35.6589
1.21426	36.9134
1.21592	36.1464
1.21759	34.2472
1.21926	33.3768
1.22092	34.8588
1.22259	34.6955
1.22425	34.2790
1.22592	33.9823
1.22758	35.4025
1.22925	38.8189
1.23092	38.5734
1.23258	35.7209
1.23425	35.0036
1.23591	34.4902
1.23758	34.3492
1.23924	35.9371
1.24091	35.9554
1.24258	34.4722
1.24424	33.9926
1.24591	32.0763
1.24757	29.6797
1.24924	32.8541
1.25090	34.8004
1.25257	35.3438
1.25423	33.9497
1.25590	35.1405
1.25757	36.0032
1.25923	35.3214
1.26090	34.6672
1.26256	33.7473
1.26423	32.8434
1.26589	32.1903
1.26756	34.1377
1.26923	34.9532
1.27089	35.3923
1.27256	34.5023
1.27422	34.2255
1.27589	34.9117
1.27755	34.0935
1.27922	33.1547
1.28089	32.8441
1.28255	33.6353
1.28422	34.2852
1.28588	34.3044
1.28755	32.4312
1.28921	31.4776
1.29088	32.0332
1.29254	33.2970
1.29421	33.6609
1.29588	33.4212
1.29754	33.5081
1.29921	34.8605
1.30087	36.5529
1.30254	36.2747
1.30420	36.7069
1.30587	38.0871
1.30754	38.9429
1.30920	37.6460
1.31087	36.9110
1.31253	37.0733
1.31420	36.6509
1.31586	35.9011
1.31753	36.2501
1.31920	35.3828
1.32086	34.4242
1.32253	34.1117
1.32419	35.7545
1.32586	36.0888
1.32752	35.8071
1.32919	35.4244
1.33085	36.3272
1.33252	36.8855
1.33419	35.8420
1.33585	35.4640
1.33752	37.1198
1.33918	36.2416
1.34085	36.2002
1.34251	36.9300
1.34418	37.1602
1.34585	36.2751
1.34751	35.8453
1.34918	33.8148
1.35084	33.9988
1.35251	34.8370
1.35417	35.0256
1.35584	35.1901
1.35751	36.3818
1.35917	35.7242
1.36084	36.0885
1.36250	34.3589
1.36417	34.0508
1.36583	34.7125
1.36750	37.0047
1.36916	36.5808
1.37083	34.9660
1.37250	32.3264
1.37416	33.9647
1.37583	36.1854
1.37749	35.7271
1.37916	32.6896
1.38082	33.8446
1.38249	34.2953
1.38416	34.8125
1.38582	35.7419
1.38749	35.8596
1.38915	37.7500
1.39082	38.1392
1.39248	36.5772
1.39415	37.2698
1.39582	37.8960
1.39748	37.4268
1.39915	37.5483
1.40081	37.2385
1.40248	36.8958
1.40414	37.5953
1.40581	37.6754
1.40747	36.0276
1.40914	35.0751
1.41081	34.5181
1.41247	34.0951
1.41414	35.6081
1.41580	37.5040
1.41747	37.7658
1.41913	35.6349
1.42080	37.2237
1.42247	37.9789
1.42413	37.1849
1.42580	36.6811
1.42746	37.5399
1.42913	36.5158
1.43079	37.0987
1.43246	38.8050
1.43412	37.7669
1.43579	36.4167
1.43746	36.1002
1.43912	37.2240
1.44079	35.5473
1.44245	35.5480
1.44412	36.3797
1.44578	36.9391
1.44745	36.8034
1.44912	35.5314
1.45078	35.5687
1.45245	35.5569
1.45411	34.7401
1.45578	34.7196
1.45744	35.6513
1.45911	36.5693
1.46078	37.2535
1.46244	37.9767
1.46411	37.2757
1.46577	37.1159
1.46744	36.6842
1.46910	36.5216
1.47077	35.1414
1.47243	36.5130
1.47410	37.4714
1.47577	38.9524
1.47743	38.5567
1.47910	38.0462
1.48076	36.9989
1.48243	35.5981
1.48409	35.8213
1.48576	36.8281
1.48743	35.9057
1.48909	34.6258
1.49076	35.0897
1.49242	35.2772
1.49409	35.4562
1.49575	36.9416
1.49742	36.7542
1.49909	37.3700
1.50075	39.1642
1.50242	37.4992
1.50408	35.7899
1.50575	36.5379
1.50741	38.4409
1.50908	37.8491
1.51074	37.8387
1.51241	38.2609
1.51408	37.4572
1.51574	35.9970
1.51741	35.1917
1.51907	35.1592
1.52074	36.4701
1.52240	37.9374
1.52407	38.5457
1.52574	38.4544
1.52740	37.6309
1.52907	39.2282
1.53073	40.5484
1.53240	39.3275
1.53406	38.4576
1.53573	38.1373
1.53740	37.5308
1.53906	36.8310
1.54073	37.1248
1.54239	37.6734
1.54406	37.5181
1.54572	37.0069
1.54739	38.0818
1.54905	38.3163
1.55072	38.6862
1.55239	39.5270
1.55405	39.0933
1.55572	39.3386
1.55738	40.6733
1.55905	39.8755
1.56071	38.6839
1.56238	37.1293
1.56405	37.8054
1.56571	38.8610
1.56738	38.6769
1.56904	37.0668
1.57071	35.4476
1.57237	35.2641
1.57404	33.8874
1.57571	35.2994
1.57737	38.3146
1.57904	37.9189
1.58070	38.4966
1.58237	38.6322
1.58403	37.3492
1.58570	37.6922
1.58736	38.3884
1.58903	39.0620
1.59070	41.0305
1.59236	40.4442
1.59403	39.7006
1.59569	40.7318
1.59736	42.4667
1.59902	43.1963
1.60069	43.2493
1.60236	43.0750
1.60402	41.6124
1.60569	41.3835
1.60735	41.3135
1.60902	39.3282
1.61068	39.3084
1.61235	39.6226
1.61402	39.3296
1.61568	37.3814
1.61735	38.6240
1.61901	40.7028
1.62068	41.4425
1.62234	41.8306
1.62401	41.8272
1.62567	39.7901
1.62734	38.9914
1.62901	39.8806
1.63067	40.5138
1.63234	40.6720
1.63400	40.2500
1.63567	38.8954
1.63733	39.2371
1.63900	41.4011
1.64067	43.4546
1.64233	43.2761
1.64400	42.2668
1.64566	40.0492
1.64733	40.0319
1.64899	40.7085
1.65066	40.4614
1.65233	38.9714
1.65399	38.4157
1.65566	38.6205
1.65732	38.6209
1.65899	38.6727
1.66065	39.3375
1.66232	39.8451
1.66398	39.8361
1.66565	39.3743
1.66732	37.4334
1.66898	37.2959
1.67065	38.4383
1.67231	40.1802
1.67398	40.2722
1.67564	40.9292
1.67731	40.3096
1.67898	41.2064
1.68064	39.5905
1.68231	39.4395
1.68397	39.6091
1.68564	39.8233
1.68730	40.6758
1.68897	39.3772
1.69064	37.5266
1.69230	40.1678
1.69397	41.3145
1.69563	41.3088
1.69730	41.6155
1.69896	40.1033
1.70063	39.6204
1.70229	39.2448
1.70396	39.4258
1.70563	38.6172
1.70729	38.3501
1.70896	40.2840
1.71062	40.4815
1.71229	39.6058
1.71395	39.7489
1.71562	38.9692
1.71729	38.3358
1.71895	40.1652
1.72062	40.5746
1.72228	38.3877
1.72395	39.7279
1.72561	40.0000
1.72728	40.4363
1.72895	42.1391
1.73061	43.1738
1.73228	42.9060
1.73394	42.3124
1.73561	41.4937
1.73727	41.9587
1.73894	42.7494
1.74060	42.8067
1.74227	42.3944
1.74394	40.5354
1.74560	40.6592
1.74727	41.3306
1.74893	40.8190
1.75060	41.9001
1.75226	43.2703
1.75393	44.0009
1.75560	44.0646
1.75726	43.6699
1.75893	43.5007
1.76059	43.5672
1.76226	41.7798
1.76392	39.9825
1.76559	39.3582
1.76726	39.9527
1.76892	39.3745
1.77059	38.8171
1.77225	39.5406
1.77392	39.9913
1.77558	40.8610
1.77725	40.9363
1.77891	40.4563
1.78058	41.9302
1.78225	44.1314
1.78391	45.1319
1.78558	43.7152
1.78724	42.9588
1.78891	40.7121
1.79057	42.1846
1.79224	43.1248
1.79391	41.6232
1.79557	40.6770
1.79724	41.4903
1.79890	44.2382
1.80057	44.1233
1.80223	45.9695
1.80390	46.7298
1.80556	44.4103
1.80723	44.6287
1.80890	43.8897
1.81056	42.6120
1.81223	42.8312
1.81389	45.4751
1.81556	46.4230
1.81722	43.9603
1.81889	42.5877
1.82056	43.3878
1.82222	43.0219
1.82389	44.0152
1.82555	41.9969
1.82722	43.4136
1.82888	44.4529
1.83055	44.3583
1.83222	44.7626
1.83388	44.1865
1.83555	42.9033
1.83721	45.1510
1.83888	45.9624
1.84054	43.8342
1.84221	42.7984
1.84387	44.2308
1.84554	45.7542
1.84721	46.9974
1.84887	47.5222
1.85054	47.1418
1.85220	44.7578
1.85387	44.5633
1.85553	44.5941
1.85720	42.2536
1.85887	42.1158
1.86053	43.6329
1.86220	45.8012
1.86386	44.8432
1.86553	44.7285
1.86719	46.2047
1.86886	46.2816
1.87053	46.2170
1.87219	47.0913
1.87386	48.7928
1.87552	48.2165
1.87719	47.1330
1.87885	45.3699
1.88052	44.0050
1.88218	44.9064
1.88385	45.4893
1.88552	45.9749
1.88718	45.0551
1.88885	46.1465
1.89051	46.1270
1.89218	45.8399
1.89384	45.6922
1.89551	44.6676
1.89718	44.6667
1.89884	44.6541
1.90051	44.6667
1.90217	44.5739
1.90384	43.3737
1.90550	45.2997
1.90717	45.4634
1.90884	45.1473
1.91050	44.5482
1.91217	43.8605
1.91383	44.0473
1.91550	45.8511
1.91716	48.5749
1.91883	48.7913
1.92049	47.1707
1.92216	47.6497
1.92383	46.5822
1.92549	45.8264
1.92716	45.9680
1.92882	46.0930
1.93049	46.5457
1.93215	46.0830
1.93382	46.4629
1.93549	46.8115
1.93715	46.1920
1.93882	44.5963
1.94048	44.7369
1.94215	46.0454
1.94381	46.8531
1.94548	47.2878
1.94715	47.3436
1.94881	48.2237
1.95048	47.4632
1.95214	47.3708
1.95381	48.5487
1.95547	49.2316
1.95714	49.5310
1.95880	47.2288
1.96047	47.0000
1.96214	47.4848
1.96380	47.4899
1.96547	47.2216
1.96713	47.1122
1.96880	47.1661
1.97046	47.3578
1.97213	48.8161
1.97380	48.1266
1.97546	45.5314
1.97713	45.4185
1.97879	45.7901
1.98046	44.6769
1.98212	46.6106
1.98379	47.5746
1.98546	47.9315
1.98712	47.0726
1.98879	46.2897
1.99045	45.3296
1.99212	45.9471
1.99378	46.2011
1.99545	46.2190
1.99711	47.2573
1.99878	47.7430
2.00045	47.2340
2.00211	46.5207
2.00378	46.1626
2.00544	46.6399
2.00711	46.8008
2.00877	45.8724
2.01044	46.3136
2.01211	47.5009
2.01377	47.9016
2.01544	48.9961
2.01710	48.8617
2.01877	48.8782
2.02043	48.8258
2.02210	48.9978
2.02377	47.3814
2.02543	46.2603
2.02710	45.4088
2.02876	47.3958
2.03043	47.8436
2.03209	46.1628
2.03376	45.7832
2.03542	47.3221
2.03709	48.5705
2.03876	48.9326
2.04042	47.7690
2.04209	47.3306
2.04375	47.5237
2.04542	48.9555
2.04708	48.3905
2.04875	48.2634
2.05042	50.3765
2.05208	51.4424
2.05375	50.8166
2.05541	50.7608
2.05708	51.8450
2.05874	51.5232
2.06041	49.7361
2.06208	49.7870
2.06374	50.0798
2.06541	51.4600
2.06707	52.9414
2.06874	51.1661
2.07040	49.1065
2.07207	48.7641
2.07373	49.5614
2.07540	49.1507
2.07707	48.9905
2.07873	47.3183
2.08040	46.9423
2.08206	48.2413
2.08373	49.6543
2.08539	48.2079
2.08706	46.7687
2.08873	48.5401
2.09039	48.0916
2.09206	47.8821
2.09372	48.0009
2.09539	49.3817
2.09705	49.7817
2.09872	51.9481
2.10039	52.4266
2.10205	55.9869
2.10372	55.5306
2.10538	53.8495
2.10705	51.8621
2.10871	50.3376
2.11038	50.3329
2.11204	50.4574
2.11371	51.3243
2.11538	52.3175
2.11704	51.6060
2.11871	50.6441
2.12037	51.7925
2.12204	51.3113
2.12370	49.3476
2.12537	47.7254
2.12704	47.6177
2.12870	50.4595
2.13037	51.1429
2.13203	50.9392
2.13370	50.6897
2.13536	51.6114
2.13703	52.2430
2.13870	52.2014
2.14036	52.1116
2.14203	51.6690
2.14369	50.5374
2.14536	50.0056
2.14702	51.0781
2.14869	50.9460
2.15035	50.1591
2.15202	49.6663
2.15369	51.0312
2.15535	51.4113
2.15702	52.7510
2.15868	51.8732
2.16035	52.5353
2.16201	52.5144
2.16368	51.7691
2.16535	51.6858
2.16701	51.8851
2.16868	51.9113
2.17034	52.6359
2.17201	52.8898
2.17367	53.6436
2.17534	52.9952
2.17701	52.9981
2.17867	52.6479
2.18034	53.0849
2.18200	53.7452
2.18367	53.4764
2.18533	52.6716
2.18700	53.5278
2.18866	53.6531
2.19033	52.3352
2.19200	51.8840
2.19366	53.3404
2.19533	52.8383
2.19699	53.4715
2.19866	54.3582
2.20032	54.0752
2.20199	51.9753
2.20366	51.9546
2.20532	53.9988
2.20699	53.8646
2.20865	53.9912
2.21032	54.9093
2.21198	55.9288
2.21365	55.4345
2.21532	54.4988
2.21698	53.7824
2.21865	53.8537
2.22031	53.7809
2.22198	53.6590
2.22364	56.2900
2.22531	56.4966
2.22697	55.9612
2.22864	55.5817
2.23031	54.6588
2.23197	53.3438
2.23364	53.5664
2.23530	55.1569
2.23697	54.5115
2.23863	54.5200
2.24030	53.4963
2.24197	52.9809
2.24363	51.6984
2.24530	51.9169
2.24696	53.5665
2.24863	54.9587
2.25029	54.4998
2.25196	52.9889
2.25362	53.1718
2.25529	54.3622
2.25696	55.1049
2.25862	52.5990
2.26029	51.7672
2.26195	53.6957
2.26362	55.1260
2.26528	55.9382
2.26695	56.2016
2.26862	55.1388
2.27028	54.4327
2.27195	53.0634
2.27361	54.5373
2.27528	55.0215
2.27694	54.4893
2.27861	53.4158
2.28028	52.7224
2.28194	52.7458
2.28361	54.5329
2.28527	53.1409
2.28694	52.8309
2.28860	53.7572
2.29027	54.5042
2.29193	55.3194
2.29360	55.0738
2.29527	53.6078
2.29693	52.8872
2.29860	55.5860
2.30026	55.3281
2.30193	54.0345
2.30359	54.1859
2.30526	55.4078
2.30693	54.6738
2.30859	54.0031
2.31026	53.9516
2.31192	54.7613
2.31359	56.3681
2.31525	56.6756
2.31692	56.6744
2.31859	56.4470
2.32025	56.1939
2.32192	57.3627
2.32358	57.8406
2.32525	57.0764
2.32691	56.6778
2.32858	55.6450
2.33025	54.4824
2.33191	53.8398
2.33358	54.3032
2.33524	55.3186
2.33691	56.1565
2.33857	55.9903
2.34024	56.0146
2.34190	56.2106
2.34357	53.0742
2.34524	51.9614
2.34690	53.6328
2.34857	54.8605
2.35023	56.5510
2.35190	56.2903
2.35356	55.5714
2.35523	57.5168
2.35690	57.1680
2.35856	56.6667
2.36023	56.5033
2.36189	55.3737
2.36356	56.1197
2.36522	56.0557
2.36689	56.4323
2.36855	55.1758
2.37022	54.5409
2.37189	55.1640
2.37355	56.6454
2.37522	57.0009
2.37688	56.1066
2.37855	55.7232
2.38021	56.3515
2.38188	59.6283
2.38355	58.8355
2.38521	55.7931
2.38688	55.2938
2.38854	57.8967
2.39021	59.0000
2.39187	59.0000
2.39354	58.3676
2.39521	57.5558
2.39687	56.3697
2.39854	55.7320
2.40020	56.1694
2.40187	56.8556
2.40353	57.1143
2.40520	57.3639
2.40686	58.4703
2.40853	58.1069
2.41020	57.9524
2.41186	58.7827
2.41353	59.6488
2.41519	58.9199
2.41686	58.6667
2.41852	58.1044
2.42019	58.7158
2.42186	58.4929
2.42352	57.0148
2.42519	54.0088
2.42685	51.3110
2.42852	52.1033
2.43018	54.1659
2.43185	55.4444
2.43352	59.4657
2.43518	59.6232
2.43685	57.6551
2.43851	57.8410
2.44018	58.4806
2.44184	59.1131
2.44351	58.9888
2.44517	58.7799
2.44684	57.6836
2.44851	58.2721
2.45017	57.5735
2.45184	56.1069
2.45350	57.8544
2.45517	58.4973
2.45683	57.1105
2.45850	56.4386
2.46017	56.9296
2.46183	57.7073
2.46350	58.4902
2.46516	58.7383
2.46683	59.3573
2.46849	58.0025
2.47016	57.7454
2.47183	58.0674
2.47349	55.9500
2.47516	55.2272
2.47682	55.0018
2.47849	55.6515
2.48015	57.1298
2.48182	57.9461
2.48348	57.2091
2.48515	57.3106
2.48682	56.6662
2.48848	56.0064
2.49015	54.7019
2.49181	55.5626
2.49348	58.9000
2.49514	60.5322
2.49681	58.5791
2.49848	55.5384
2.50014	55.1207
2.50181	55.8092
2.50347	55.9655
2.50514	56.7425
2.50680	58.1198
2.50847	57.6328
2.51014	57.1523
2.51180	58.0272
2.51347	58.1403
2.51513	59.2177
2.51680	59.3043
2.51846	58.3830
2.52013	57.8526
2.52179	58.0455
2.52346	58.6779
2.52513	58.3852
2.52679	56.6244
2.52846	55.7344
2.53012	55.9400
2.53179	57.7847
2.53345	58.7314
2.53512	57.7846
2.53679	58.4726
2.53845	57.6656
2.54012	57.0057
2.54178	55.0078
2.54345	54.4073
2.54511	55.3096
2.54678	55.2519
2.54844	54.8154
2.55011	54.6544
2.55178	57.8467
2.55344	61.3876
2.55511	61.5815
2.55677	59.2690
2.55844	57.9118
2.56010	57.6255
2.56177	57.9517
2.56344	57.9725
2.56510	58.4004
2.56677	60.3071
2.56843	61.5060
2.57010	61.7765
2.57176	61.5440
2.57343	59.2501
2.57510	58.1550
2.57676	58.4304
2.57843	58.5058
2.58009	57.6326
2.58176	56.6151
2.58342	57.6823
2.58509	58.8279
2.58676	57.8239
2.58842	57.5732
2.59009	57.2745
2.59175	57.4586
2.59342	57.9135
2.59508	56.8241
2.59675	56.6562
2.59841	58.1735
2.60008	59.1165
2.60175	59.4595
2.60341	57.8665
2.60508	58.3917
2.60674	59.6495
2.60841	59.4763
2.61007	57.2988
2.61174	53.7192
2.61341	55.7919
2.61507	58.0709
2.61674	55.8368
2.61840	54.5920
2.62007	56.2599
2.62173	58.1545
2.62340	57.3823
2.62507	58.2104
2.62673	58.8483
2.62840	57.3391
2.63006	57.9981
2.63173	57.5402
2.63339	57.4496
2.63506	58.5011
2.63672	58.0653
2.63839	59.0410
2.64006	59.2692
2.64172	57.9555
2.64339	54.6750
2.64505	55.2230
2.64672	58.0000
2.64838	58.0000
2.65005	57.7376
2.65172	57.8894
2.65338	58.6264
2.65505	58.4582
2.65671	58.5585
2.65838	57.1024
2.66004	55.0923
2.66171	55.9406
2.66337	57.5800
2.66504	56.1339
2.66671	55.2680
2.66837	54.8451
2.67004	55.7966
2.67170	56.3306
2.67337	56.4274
2.67503	56.2413
2.67670	56.3514
2.67837	55.9288
2.68003	51.1859
2.68170	51.2809
2.68336	54.7115
2.68503	55.7347
2.68669	54.8735
2.68836	54.7689
2.69003	55.4592
2.69169	55.9838
2.69336	55.8367
2.69502	54.9667
2.69669	54.4574
2.69835	56.0480
2.70002	56.1352
2.70168	55.6377
2.70335	54.8365
2.70502	53.8321
2.70668	55.0126
2.70835	55.4798
2.71001	55.8688
2.71168	54.3460
2.71334	54.2778
2.71501	54.6169
2.71668	54.6116
2.71834	53.2331
2.72001	51.7935
2.72167	51.6132
2.72334	51.8038
2.72500	55.8651
2.72667	55.0064
2.72834	52.2945
2.73000	50.6667
2.73167	51.4317
2.73333	51.9258
2.73500	50.9255
2.73666	50.3254
2.73833	49.2234
2.74000	48.5627
2.74166	49.8290
2.74333	48.7369
2.74499	47.7464
2.74666	47.9365
2.74832	49.6123
2.74999	49.7646
2.75165	49.6415
2.75332	51.0717
2.75499	51.6525
2.75665	50.9490
2.75832	50.2514
2.75998	50.6190
2.76165	51.2341
2.76331	51.2906
2.76498	52.2571
2.76665	52.0010
2.76831	50.9122
2.76998	48.2288
2.77164	49.1034
2.77331	50.8189
2.77497	51.1540
2.77664	51.0153
2.77830	50.5856
2.77997	52.0426
2.78164	53.7762
2.78330	56.9620
2.78497	59.4164
2.78663	58.4934
2.78830	56.8369
2.78996	57.6838
2.79163	57.3998
2.79330	58.3012
2.79496	60.3478
2.79663	60.7913
2.79829	57.9655
2.79996	57.8251
2.80162	60.0004
2.80329	62.0116
2.80496	62.8458
2.80662	65.7414
2.80829	67.0994
2.80995	67.7530
2.81162	70.7133
2.81328	73.1090
2.81495	73.2529
2.81661	73.7436
2.81828	75.8821
2.81995	76.1185
2.82161	75.5336
2.82328	75.7681
2.82494	78.1676
2.82661	81.2746
2.82827	80.4991
2.82994	79.1746
2.83161	79.6864
2.83327	81.7450
2.83494	84.0278
2.83660	84.6426
2.83827	83.9056
2.83993	83.8384
2.84160	83.4317
2.84327	82.7093
2.84493	84.7421
2.84660	83.6581
2.84826	81.9103
2.84993	82.8929
2.85159	83.1292
2.85326	83.0914
2.85492	83.8512
2.85659	84.7006
2.85826	84.4368
2.85992	83.6431
2.86159	84.0121
2.86325	84.7643
2.86492	85.5752
2.86658	84.4993
2.86825	83.4685
2.86992	83.1908
2.87158	82.8333
2.87325	82.5493
2.87491	82.0986
2.87658	81.7630
2.87824	81.5145
2.87991	82.6414
2.88158	84.1011
2.88324	84.7095
2.88491	82.4949
2.88657	81.3685
2.88824	82.4701
2.88990	82.1974
2.89157	84.2970
2.89323	84.9412
2.89490	82.7631
2.89657	83.8138
2.89823	84.4049
2.89990	84.6177
2.90156	82.4153
2.90323	81.7248
2.90489	82.2398
2.90656	81.5434
2.90823	79.9284
2.90989	78.8894
2.91156	77.1209
2.91322	76.9511
2.91489	75.8683
2.91655	75.3077
2.91822	76.9873
2.91989	73.9253
2.92155	70.9644
2.92322	71.7809
2.92488	73.6837
2.92655	73.4922
2.92821	71.2498
2.92988	69.0905
2.93154	67.7639
2.93321	66.2356
2.93488	65.8293
2.93654	65.0443
2.93821	62.5807
2.93987	60.6801
2.94154	58.1580
2.94320	56.1597
2.94487	55.8356
2.94654	55.3853
2.94820	55.7320
2.94987	55.6268
2.95153	55.0063
2.95320	56.0345
2.95486	57.2424
2.95653	56.8793
2.95820	55.1559
2.95986	55.0483
2.96153	53.5085
2.96319	54.1634
2.96486	55.0000
2.96652	54.0514
2.96819	54.6518
2.96985	55.7099
2.97152	55.4099
2.97319	50.6836
2.97485	48.7587
2.97652	50.8894
2.97818	53.7610
2.97985	54.1526
2.98151	52.2806
2.98318	50.8606
2.98485	52.1766
2.98651	53.8500
2.98818	54.4673
2.98984	55.0983
2.99151	55.0982
2.99317	55.5982
2.99484	53.3900
2.99651	51.5651
2.99817	52.4229
2.99984	52.2855
3.00150	50.9987
3.00317	52.4847
3.00483	51.9806
3.00650	52.5857
3.00816	53.2209
3.00983	52.8705
3.01150	53.3264
3.01316	53.8403
3.01483	52.4826
3.01649	53.3210
3.01816	53.3472
3.01982	52.7541
3.02149	54.3969
3.02316	56.5824
3.02482	57.2579
3.02649	57.2896
3.02815	56.8339
3.02982	55.3033
3.03148	55.4667
3.03315	55.6158
3.03482	54.5676
3.03648	55.7491
3.03815	57.6947
3.03981	57.6844
3.04148	57.5126
3.04314	56.6846
3.04481	57.0243
3.04647	58.7322
3.04814	59.6376
3.04981	57.5618
3.05147	56.1369
3.05314	57.6875
3.05480	59.6932
3.05647	58.9779
3.05813	58.8496
3.05980	59.6298
3.06147	58.2859
3.06313	56.8851
3.06480	57.2758
3.06646	57.6944
3.06813	57.8791
3.06979	57.6144
3.07146	57.3967
3.07312	57.1660
3.07479	59.2488
3.07646	61.5312
3.07812	60.5084
3.07979	60.9067
3.08145	61.0688
3.08312	58.9339
3.08478	58.2437
3.08645	59.8835
3.08812	59.4232
3.08978	57.4435
3.09145	58.0733
3.09311	59.5787
3.09478	61.4318
3.09644	60.2450
3.09811	61.6558
3.09978	60.9936
3.10144	60.4163
3.10311	59.8029
3.10477	60.2883
3.10644	58.7210
3.10810	58.9783
3.10977	60.2373
3.11143	59.5987
3.11310	59.3132
3.11477	57.9312
3.11643	59.4307
3.11810	60.4819
3.11976	62.0748
3.12143	62.0894
3.12309	60.9633
3.12476	60.6414
3.12643	61.0330
3.12809	60.3952
3.12976	61.1066
3.13142	60.8420
3.13309	61.8135
3.13475	62.5027
3.13642	61.6787
3.13809	61.8958
3.13975	63.1765
3.14142	62.8972
3.14308	61.5543
3.14475	60.0858
3.14641	59.8114
3.14808	61.6288
3.14974	61.5727
3.15141	59.9400
3.15308	59.7125
3.15474	59.3619
3.15641	60.2956
3.15807	60.4114
3.15974	59.5191
3.16140	59.6643
3.16307	61.2718
3.16474	61.5486
3.16640	61.0767
3.16807	61.4358
3.16973	61.1868
3.17140	60.2517
3.17306	60.2528
3.17473	61.7063
3.17640	62.5022
3.17806	63.2510
3.17973	62.5214
3.18139	59.4832
3.18306	57.9496
3.18472	59.1080
3.18639	62.0873
3.18805	63.8175
3.18972	62.3333
3.19139	61.8343
3.19305	60.4507
3.19472	61.2913
3.19638	62.3006
3.19805	62.9036
3.19971	62.2925
3.20138	60.2368
3.20305	60.2957
3.20471	60.5182
3.20638	59.6145
3.20804	61.5710
3.20971	63.8552
3.21137	63.5083
3.21304	64.5827
3.21471	64.9895
3.21637	65.4079
3.21804	63.2618
3.21970	62.7533
3.22137	63.1085
3.22303	63.9957
3.22470	64.9600
3.22636	64.4629
3.22803	63.0564
3.22970	61.2121
3.23136	60.4745
3.23303	61.4603
3.23469	62.5905
3.23636	59.6800
3.23802	58.0468
3.23969	58.0689
3.24136	60.2245
3.24302	61.3355
3.24469	61.4336
3.24635	60.4775
3.24802	59.8908
3.24968	60.4998
3.25135	60.9002
3.25302	60.2412
3.25468	57.6916
3.25635	59.3131
3.25801	60.6528
3.25968	60.5866
3.26134	59.1204
3.26301	58.0043
3.26467	59.2868
3.26634	61.1569
3.26801	61.9785
3.26967	61.8536
3.27134	60.8007
3.27300	61.6667
3.27467	61.7748
3.27633	60.2590
3.27800	58.5232
3.27967	57.7906
3.28133	57.8366
3.28300	58.8429
3.28466	58.9477
3.28633	58.5019
3.28799	60.2469
3.28966	60.8694
3.29133	60.7886
3.29299	61.0000
3.29466	60.3946
3.29632	61.1726
3.29799	60.4419
3.29965	58.9634
3.30132	59.7290
3.30298	60.0977
3.30465	60.6179
3.30632	60.6422
3.30798	60.8316
3.30965	60.6053
3.31131	59.1019
3.31298	60.5790
3.31464	59.7886
3.31631	59.0065
3.31798	59.6809
3.31964	61.8854
3.32131	63.6641
3.32297	62.4623
3.32464	61.2653
3.32630	58.0001
3.32797	58.5920
3.32964	59.6364
3.33130	59.1111
3.33297	60.6310
3.33463	60.8931
3.33630	60.2601
3.33796	60.7875
3.33963	61.2310
3.34129	60.7386
3.34296	58.0823
3.34463	58.9567
3.34629	59.4003
3.34796	60.4044
3.34962	61.8874
3.35129	63.0023
3.35295	62.0897
3.35462	59.2884
3.35629	58.1104
3.35795	56.4368
3.35962	57.9111
3.36128	59.0697
3.36295	58.8261
3.36461	59.6732
3.36628	61.4168
3.36795	60.8240
3.36961	60.2933
3.37128	60.6515
3.37294	61.5474
3.37461	60.7253
3.37627	60.2804
3.37794	58.5499
3.37960	59.9629
3.38127	60.3839
3.38294	60.2020
3.38460	59.9899
3.38627	57.5672
3.38793	56.4651
3.38960	57.0061
3.39126	56.8361
3.39293	56.9832
3.39460	56.2984
3.39626	57.1517
3.39793	57.5381
3.39959	58.1746
3.40126	60.2540
3.40292	60.0972
3.40459	59.1412
3.40626	61.6548
3.40792	60.9962
3.40959	60.6976
3.41125	62.0225
3.41292	62.5260
3.41458	62.1003
3.41625	60.9513
3.41791	60.1108
3.41958	61.2221
3.42125	60.1295
3.42291	58.6003
3.42458	58.2718
3.42624	61.1729
3.42791	60.2772
3.42957	57.9361
3.43124	58.5043
3.43291	59.0126
3.43457	60.2559
3.43624	61.5587
3.43790	60.9907
3.43957	58.5027
3.44123	57.3517
3.44290	57.1816
3.44457	57.7192
3.44623	58.4207
3.44790	59.1534
3.44956	58.6251
3.45123	54.9714
3.45289	56.7524
3.45456	58.0905
3.45622	57.5429
3.45789	58.5162
3.45956	60.0393
3.46122	56.9776
3.46289	55.5862
3.46455	55.0903
3.46622	52.7525
3.46788	54.9904
3.46955	59.0347
3.47122	60.5432
3.47288	59.0668
3.47455	58.3364
3.47621	58.6859
3.47788	59.0948
3.47954	57.9715
3.48121	58.3399
3.48287	59.0428
3.48454	59.5315
3.48621	60.1604
3.48787	59.4259
3.48954	57.8080
3.49120	56.7590
3.49287	57.4975
3.49453	57.5324
3.49620	58.3601
3.49787	58.8948
3.49953	58.6862
3.50120	57.7203
3.50286	57.4692
3.50453	57.2529
3.50619	58.2573
3.50786	58.2717
3.50953	59.3580
3.51119	59.7183
3.51286	59.6164
3.51452	60.0912
3.51619	58.6330
3.51785	58.8407
3.51952	58.2688
3.52118	58.8911
3.52285	58.9313
3.52452	57.7467
3.52618	55.6405
3.52785	57.7904
3.52951	59.9971
3.53118	59.0916
3.53284	57.0980
3.53451	58.0255
3.53618	58.0676
3.53784	58.9593
3.53951	57.5972
3.54117	55.7988
3.54284	55.7887
3.54450	56.3515
3.54617	55.6813
3.54784	55.5693
3.54950	56.4653
3.55117	57.2985
3.55283	56.9142
3.55450	58.0960
3.55616	56.3939
3.55783	55.8008
3.55949	58.3484
3.56116	59.2239
3.56283	58.6472
3.56449	57.9843
3.56616	57.1275
3.56782	54.9529
3.56949	54.8008
3.57115	56.0475
3.57282	57.2819
3.57449	56.7050
3.57615	56.8213
3.57782	58.3327
3.57948	57.8779
3.58115	57.2102
3.58281	56.7208
3.58448	58.1477
3.58615	58.3262
3.58781	57.5667
3.58948	58.9583
3.59114	57.9682
3.59281	55.1892
3.59447	53.8629
3.59614	54.9906
3.59780	54.2538
3.59947	54.0512
3.60114	55.4886
3.60280	57.2138
3.60447	57.3537
3.60613	57.0000
3.60780	56.8909
3.60946	57.2956
3.61113	58.2599
3.61280	58.2244
3.61446	57.4927
3.61613	56.9811
3.61779	56.2544
3.61946	55.3997
3.62112	55.7104
3.62279	57.2379
3.62446	55.4278
3.62612	54.8599
3.62779	54.4830
3.62945	56.0424
3.63112	57.5223
3.63278	57.2961
3.63445	56.7036
3.63611	55.7130
3.63778	55.2385
3.63945	56.0751
3.64111	57.3084
3.64278	55.9547
3.64444	54.1852
3.64611	54.2066
3.64777	54.7832
3.64944	54.4752
3.65111	54.7777
3.65277	54.2928
3.65444	53.5079
3.65610	54.9032
3.65777	55.5348
3.65943	56.3127
3.66110	55.5644
3.66277	54.2271
3.66443	55.6822
3.66610	58.2498
3.66776	54.6781
3.66943	52.4954
3.67109	53.9634
3.67276	55.3177
3.67442	53.8318
3.67609	53.5048
3.67776	51.9537
3.67942	52.3144
3.68109	54.0415
3.68275	54.2665
3.68442	53.5422
3.68608	51.6903
3.68775	53.3049
3.68942	54.5079
3.69108	53.8428
3.69275	53.3853
3.69441	53.9743
3.69608	54.6206
3.69774	56.8179
3.69941	56.0511
3.70108	53.9142
3.70274	53.6085
3.70441	53.5342
3.70607	53.6847
3.70774	54.4493
3.70940	54.0704
3.71107	54.7254
3.71273	53.2446
3.71440	52.6508
3.71607	53.3875
3.71773	54.8005
3.71940	54.3930
3.72106	54.0268
3.72273	55.1470
3.72439	52.3966
3.72606	50.7462
3.72773	50.9263
3.72939	52.3428
3.73106	53.3625
3.73272	55.9831
3.73439	56.3207
3.73605	56.0367
3.73772	54.8835
3.73939	53.8097
3.74105	54.2410
3.74272	53.0811
3.74438	52.9468
3.74605	53.9137
3.74771	56.6746
3.74938	56.8568
3.75104	55.3974
3.75271	54.5278
3.75438	52.4425
3.75604	51.8531
3.75771	52.3303
3.75937	53.3433
3.76104	54.0151
3.76270	54.1552
3.76437	53.7795
3.76604	54.6272
3.76770	54.9327
3.76937	54.7844
3.77103	52.9865
3.77270	53.0454
3.77436	53.8484
3.77603	54.2895
3.77770	54.0000
3.77936	53.9568
3.78103	51.9785
3.78269	51.2120
3.78436	51.3712
3.78602	53.3448
3.78769	53.3424
3.78935	52.6670
3.79102	53.5149
3.79269	52.2796
3.79435	50.9231
3.79602	50.5934
3.79768	50.6568
3.79935	50.3461
3.80101	51.5242
3.80268	52.7881
3.80435	51.8178
3.80601	52.7941
3.80768	52.9592
3.80934	51.5977
3.81101	51.3418
3.81267	53.0649
3.81434	53.0940
3.81600	53.1733
3.81767	53.1702
3.81934	51.1808
3.82100	51.6742
3.82267	51.7445
3.82433	52.2183
3.82600	52.2971
3.82766	52.0923
3.82933	50.6554
3.83100	48.8432
3.83266	52.2536
3.83433	55.1620
3.83599	54.6230
3.83766	53.4586
3.83932	53.6007
3.84099	53.5675
3.84266	53.5442
3.84432	53.3786
3.84599	53.0508
3.84765	52.4188
3.84932	53.2541
3.85098	52.8201
3.85265	51.8497
3.85432	51.2134
3.85598	48.7450
3.85765	49.9733
3.85931	50.8208
3.86098	49.9540
3.86264	48.5947
3.86431	49.2792
3.86597	50.1508
3.86764	50.8486
3.86931	49.8180
3.87097	49.3499
3.87264	51.2470
3.87430	51.2309
3.87597	48.2234
3.87763	50.3488
3.87930	51.6053
3.88097	50.8643
3.88263	51.1283
3.88430	50.2467
3.88596	48.9725
3.88763	45.4530
3.88929	46.4119
3.89096	48.1014
3.89262	49.6387
3.89429	49.6564
3.89596	48.9081
3.89762	47.5044
3.89929	48.4625
3.90095	48.5997
3.90262	49.2304
3.90428	49.3333
3.90595	49.2070
3.90762	50.6468
3.90928	51.1610
3.91095	51.3693
3.91261	49.9212
3.91428	50.5725
3.91594	50.8573
3.91761	49.6820
3.91928	50.8254
3.92094	50.0369
3.92261	49.6691
3.92427	50.5104
3.92594	50.8460
3.92760	50.1649
3.92927	51.0323
3.93093	51.0144
3.93260	49.6433
3.93427	47.4278
3.93593	47.7070
3.93760	47.3425
3.93926	48.8011
3.94093	50.0154
3.94259	50.0000
3.94426	50.0000
3.94593	49.5437
3.94759	49.9484
3.94926	50.6667
3.95092	50.0654
3.95259	48.6342
3.95425	47.7011
3.95592	48.5251
3.95759	49.0994
3.95925	48.5122
3.96092	48.0472
3.96258	47.3333
3.96425	47.3333
3.96591	48.6591
3.96758	48.9364
3.96924	48.0693
3.97091	48.1784
3.97258	49.5493
3.97424	50.5717
3.97591	48.5189
3.97757	47.3675
3.97924	47.3500
3.98090	48.4366
3.98257	47.4285
3.98424	47.3368
3.98590	47.6560
3.98757	48.7053
3.98923	49.6178
3.99090	47.3056
3.99256	46.1075
3.99423	45.3260
3.99590	45.9899
3.99756	46.5034
3.99923	46.7330
4.00089	46.9128
4.00256	48.0889
4.00422	48.6578
4.00589	47.8345
4.00756	47.6936
4.00922	47.8009
4.01089	47.6097
4.01255	48.1830
4.01422	49.1775
4.01588	49.6282
4.01755	48.7521
4.01921	48.2135
4.02088	47.3630
4.02255	47.7929
4.02421	46.5505
4.02588	45.7452
4.02754	47.0324
4.02921	47.7644
4.03087	48.3178
4.03254	47.8979
4.03421	44.7203
4.03587	43.4043
4.03754	44.9016
4.03920	44.9865
4.04087	44.3199
4.04253	45.6360
4.04420	47.6149
4.04586	49.5756
4.04753	49.5540
4.04920	48.8688
4.05086	47.8465
4.05253	48.4778
4.05419	47.9786
4.05586	47.3926
4.05752	48.1273
4.05919	47.2681
4.06086	48.8902
4.06252	51.4630
4.06419	50.7253
4.06585	50.1380
4.06752	48.3010
4.06918	47.6157
4.07085	46.7935
4.07252	45.3196
4.07418	46.4096
4.07585	47.5564
4.07751	45.9466
4.07918	44.6493
4.08084	45.7877
4.08251	46.2357
4.08417	46.6618
4.08584	46.3530
4.08751	47.0847
4.08917	47.7043
4.09084	48.3056
4.09250	47.8039
4.09417	48.2958
4.09583	48.2874
4.09750	48.2896
4.09917	47.5626
4.10083	47.5118
4.10250	46.8584
4.10416	47.6308
4.10583	49.0138
4.10749	49.3320
4.10916	48.0015
4.11083	46.6176
4.11249	47.1446
4.11416	48.8854
4.11582	48.8371
4.11749	49.2051
4.11915	48.7719
4.12082	46.1284
4.12248	46.5050
4.12415	47.9714
4.12582	47.4056
4.12748	47.0409
4.12915	47.1378
4.13081	44.5104
4.13248	43.7599
4.13414	44.9441
4.13581	47.6190
4.13748	47.3047
4.13914	44.7547
4.14081	43.3701
4.14247	43.9686
4.14414	45.5669
4.14580	47.3345
4.14747	47.7369
4.14914	46.7398
4.15080	47.3652
4.15247	46.7805
4.15413	43.8965
4.15580	46.1532
4.15746	47.4061
4.15913	47.1992
4.16079	45.8850
4.16246	44.7544
4.16413	44.4735
4.16579	45.6772
4.16746	48.7185
4.16912	48.2774
4.17079	46.2928
4.17245	46.7168
4.17412	46.8368
4.17579	46.0427
4.17745	46.0174
4.17912	46.6068
4.18078	45.1627
4.18245	45.0873
4.18411	46.0218
4.18578	49.1017
4.18745	48.9845
4.18911	48.6437
4.19078	46.7889
4.19244	48.0136
4.19411	47.9057
4.19577	46.0562
4.19744	46.0822
4.19910	44.4304
4.20077	41.5631
4.20244	41.6741
4.20410	41.8460
4.20577	44.1872
4.20743	44.3751
4.20910	43.9427
4.21076	44.0129
4.21243	43.7062
4.21410	44.6388
4.21576	44.9853
4.21743	44.2900
4.21909	42.9069
4.22076	43.1413
4.22242	42.9386
4.22409	41.9324
4.22576	42.2162
4.22742	41.5774
4.22909	42.8774
4.23075	44.6170
4.23242	44.3403
4.23408	43.9836
4.23575	44.8575
4.23741	45.0360
4.23908	44.8011
4.24075	44.8208
4.24241	45.4750
4.24408	46.7796
4.24574	46.2374
4.24741	44.3179
4.24907	43.9141
4.25074	44.4143
4.25241	44.3333
4.25407	44.3383
4.25574	45.0811
4.25740	46.9288
4.25907	48.3114
4.26073	47.6545
4.26240	46.0031
4.26406	45.1343
4.26573	44.2262
4.26740	43.9517
4.26906	43.1589
4.27073	44.8283
4.27239	46.2115
4.27406	43.7269
4.27572	42.1310
4.27739	42.4533
4.27906	42.5048
4.28072	44.3642
4.28239	46.0861
4.28405	44.1501
4.28572	42.5556
4.28738	43.4230
4.28905	44.4548
4.29072	44.9032
4.29238	44.8436
4.29405	42.7074
4.29571	42.5914
4.29738	44.0505
4.29904	45.6070
4.30071	44.1137
4.30237	45.5677
4.30404	49.0575
4.30571	48.1341
4.30737	47.3750
4.30904	46.8758
4.31070	45.2189
4.31237	44.3722
4.31403	45.9037
4.31570	45.7899
4.31737	45.1268
4.31903	44.0625
4.32070	43.7400
4.32236	45.3108
4.32403	46.6597
4.32569	46.2090
4.32736	45.4026
4.32903	45.6925
4.33069	45.6026
4.33236	44.5689
4.33402	44.7921
4.33569	43.9617
4.33735	43.5775
4.33902	43.3455
4.34068	43.7273
4.34235	43.3093
4.34402	44.3372
4.34568	44.2738
4.34735	45.4087
4.34901	45.6058
4.35068	44.5727
4.35234	46.9683
4.35401	47.3470
4.35568	45.8257
4.35734	45.4473
4.35901	44.8092
4.36067	43.3740
4.36234	41.5662
4.36400	42.7338
4.36567	43.4349
4.36734	43.8350
4.36900	44.7601
4.37067	45.8540
4.37233	44.9830
4.37400	45.3668
4.37566	45.6530
4.37733	45.3754
4.37899	43.8688
4.38066	44.0175
4.38233	45.7943
4.38399	44.2401
4.38566	44.4605
4.38732	42.8430
4.38899	42.2552
4.39065	42.4760
4.39232	42.1204
4.39399	41.8815
4.39565	42.2235
4.39732	43.1688
4.39898	44.0280
4.40065	44.9177
4.40231	46.5616
4.40398	45.5249
4.40565	44.2860
4.40731	43.4020
4.40898	41.9960
4.41064	41.3882
4.41231	41.4143
4.41397	40.9638
4.41564	42.7624
4.41730	45.5147
4.41897	45.9062
4.42064	43.8170
4.42230	43.4485
4.42397	43.1893
4.42563	43.3286
4.42730	43.4026
4.42896	44.7678
4.43063	44.9261
4.43230	41.4224
4.43396	42.4398
4.43563	44.2890
4.43729	44.9876
4.43896	44.9796
4.44062	44.6273
4.44229	42.3604
4.44396	42.1997
4.44562	42.4248
4.44729	43.0005
4.44895	43.0409
4.45062	44.0846
4.45228	43.7232
4.45395	43.0267
4.45562	43.1949
4.45728	42.3650
4.45895	42.9172
4.46061	43.3043
4.46228	42.9873
4.46394	42.2947
4.46561	41.2006
4.46727	42.9438
4.46894	43.8473
4.47061	42.8761
4.47227	41.7804
4.47394	40.6827
4.47560	40.8954
4.47727	40.3978
4.47893	40.2174
4.48060	41.2174
4.48226	41.8535
4.48393	43.0630
4.48560	44.9742
4.48726	45.1510
4.48893	44.1409
4.49059	44.1752
4.49226	43.1153
4.49392	42.9454
4.49559	41.9773
4.49726	41.7622
4.49892	42.8294
4.50059	43.9027
4.50225	44.3019
4.50392	43.8978
4.50558	44.1399
4.50725	44.3599
4.50892	43.7880
4.51058	43.7496
4.51225	45.1851
4.51391	46.4723
4.51558	45.0287
4.51724	43.5479
4.51891	43.7620
4.52058	44.2006
4.52224	43.4828
4.52391	42.1041
4.52557	42.9315
4.52724	41.8448
4.52890	41.9337
4.53057	40.5713
4.53223	39.1783
4.53390	40.4802
4.53557	41.1520
4.53723	40.4326
4.53890	41.1756
4.54056	43.1585
4.54223	41.2468
4.54389	40.5156
4.54556	39.9315
4.54723	41.0600
4.54889	43.0988
4.55056	44.0112
4.55222	42.8022
4.55389	42.1253
4.55555	42.7753
4.55722	44.1313
4.55889	42.6979
4.56055	42.9674
4.56222	44.3558
4.56388	44.7576
4.56555	44.5489
4.56721	41.2355
4.56888	40.6820
4.57054	43.1755
4.57221	44.8989
4.57388	43.0105
4.57554	42.8803
4.57721	43.4084
4.57887	42.4055
4.58054	42.8020
4.58220	43.5991
4.58387	43.1742
4.58554	43.5408
4.58720	43.2066
4.58887	42.9610
4.59053	43.8699
4.59220	44.6327
4.59386	43.9238
4.59553	43.2134
4.59720	43.1411
4.59886	43.7626
4.60053	43.2692
4.60219	42.0576
4.60386	42.3090
4.60552	42.5622
4.60719	41.5373
4.60885	40.3627
4.61052	39.6234
4.61219	40.7072
4.61385	41.4183
4.61552	41.4335
4.61718	42.5473
4.61885	43.2261
4.62051	43.2577
4.62218	42.6443
4.62385	41.9683
4.62551	42.4642
4.62718	42.3462
4.62884	41.6581
4.63051	42.7376
4.63217	43.3049
4.63384	41.7868
4.63551	41.9289
4.63717	43.5807
4.63884	46.0038
4.64050	45.3241
4.64217	43.5153
4.64383	43.2331
4.64550	42.4611
4.64716	40.0557
4.64883	39.1315
4.65050	40.2878
4.65216	41.2981
4.65383	42.4041
4.65549	43.6395
4.65716	43.5840
4.65882	43.6500
4.66049	42.7144
4.66216	42.2096
4.66382	41.7082
4.66549	41.5890
4.66715	41.6857
4.66882	40.3308
4.67048	39.6195
4.67215	39.4885
4.67381	41.7194
4.67548	43.4128
4.67715	43.5496
4.67881	43.8205
4.68048	42.1584
4.68214	40.9081
4.68381	42.3256
4.68547	42.9734
4.68714	43.0853
4.68881	45.1576
4.69047	45.7296
4.69214	43.7724
4.69380	42.5207
4.69547	42.4636
4.69713	42.5691
4.69880	42.3640
4.70047	43.7292
4.70213	43.8078
4.70380	43.0000
4.70546	43.0000
4.70713	41.8676
4.70879	41.2141
4.71046	41.4667
4.71212	41.0984
4.71379	41.0275
4.71546	40.9875
4.71712	40.8159
4.71879	41.0842
4.72045	40.9372
4.72212	40.9170
4.72378	41.4832
4.72545	40.3633
4.72712	39.2561
4.72878	39.0953
4.73045	42.7146
4.73211	43.4309
4.73378	43.7260
4.73544	43.1426
4.73711	42.2347
4.73878	43.1610
4.74044	41.9981
4.74211	41.9996
4.74377	42.1197
4.74544	42.0214
4.74710	41.3910
4.74877	40.7191
4.75043	41.7616
4.75210	43.1974
4.75377	43.6968
4.75543	42.6763
4.75710	40.2459
4.75876	40.3734
4.76043	42.7012
4.76209	42.3130
4.76376	42.8360
4.76543	42.7565
4.76709	42.9861
4.76876	43.3707
4.77042	42.9606
4.77209	42.6633
4.77375	43.1825
4.77542	43.7989
4.77709	42.6562
4.77875	41.5461
4.78042	41.2171
4.78208	40.6020
4.78375	40.0328
4.78541	40.2543
4.78708	40.9913
4.78874	41.5870
4.79041	41.5047
4.79208	41.6709
4.79374	41.7066
4.79541	42.1110
4.79707	43.4650
4.79874	43.3613
4.80040	43.0876
4.80207	43.3047
4.80374	45.5265
4.80540	44.8998
4.80707	41.1336
4.80873	39.7784
4.81040	40.4934
4.81206	42.2392
4.81373	44.2435
4.81540	44.3776
4.81706	44.2326
4.81873	43.6627
4.82039	42.3376
4.82206	42.1831
4.82372	42.9172
4.82539	42.8040
4.82705	41.7165
4.82872	40.2543
4.83039	40.0045
4.83205	38.1376
4.83372	38.9571
4.83538	41.0549
4.83705	41.7620
4.83871	43.3223
4.84038	42.0913
4.84205	40.9907
4.84371	41.0638
4.84538	41.0000
4.84704	41.3711
4.84871	40.5373
4.85037	40.7080
4.85204	41.8361
4.85371	41.6631
4.85537	41.8729
4.85704	42.6098
4.85870	43.3402
4.86037	43.2496
4.86203	42.2642
4.86370	41.1037
4.86537	38.8340
4.86703	38.0076
4.86870	38.6494
4.87036	40.0027
4.87203	40.1468
4.87369	40.3497
4.87536	38.9533
4.87702	39.6707
4.87869	40.1754
4.88036	40.7595
4.88202	41.0000
4.88369	41.3711
4.88535	41.1984
4.88702	40.4028
4.88868	39.5316
4.89035	40.3622
4.89201	41.4715
4.89368	41.6061
4.89535	41.5722
4.89701	42.2363
4.89868	41.4105
4.90034	39.8743
4.90201	41.9371
4.90367	42.0294
4.90534	41.2711
4.90701	39.1032
4.90867	40.7416
4.91034	40.8043
4.91200	40.7249
4.91367	40.6638
4.91533	41.8160
4.91700	41.7912
4.91867	41.6418
4.92033	41.0306
4.92200	41.7103
4.92366	41.1276
4.92533	39.2204
4.92699	40.6334
4.92866	40.6952
4.93033	40.6667
4.93199	40.8537
4.93366	42.0488
4.93532	41.1368
4.93699	40.7967
4.93865	40.3033
4.94032	41.5721
4.94198	43.0540
4.94365	42.8674
4.94532	43.1139
4.94698	41.7083
4.94865	40.5763
4.95031	40.2953
4.95198	40.6307
4.95364	39.3497
4.95531	38.2647
4.95698	40.2113
4.95864	41.5254
4.96031	40.6830
4.96197	40.4732
4.96364	40.9174
4.96530	39.7888
4.96697	40.9482
4.96864	41.3953
4.97030	41.5236
4.97197	39.8853
4.97363	40.2164
4.97530	41.4622
4.97696	43.2905
4.97863	41.7165
4.98029	41.8163
4.98196	42.4796
4.98363	43.1971
4.98529	42.5204
4.98696	42.7294
4.98862	43.2114
4.99029	41.5781
4.99195	40.9031
4.99362	40.9261
4.99529	40.6964
4.99695	41.0916
4.99862	42.3890
5.00028	42.0814
5.00195	42.2534
5.00361	44.1368
5.00528	42.7346
5.00695	39.7665
5.00861	39.5342
5.01028	41.6497
5.01194	42.2400
5.01361	42.8823
5.01527	41.7956
5.01694	41.9254
5.01860	40.7637
5.02027	40.2651
5.02194	40.0604
5.02360	39.7880
5.02527	40.2344
5.02693	41.8212
5.02860	42.7891
5.03026	42.3434
5.03193	41.7835
5.03360	42.0173
5.03526	43.2587
5.03693	40.6172
5.03859	37.1607
5.04026	38.9349
5.04192	40.1277
5.04359	40.1215
5.04526	40.0498
5.04692	40.8392
5.04859	42.2631
5.05025	43.2715
5.05192	43.5014
5.05358	41.2956
5.05525	41.3833
5.05691	42.7541
5.05858	43.8096
5.06025	42.1059
5.06191	41.6667
5.06358	41.6101
5.06524	40.7754
5.06691	40.1342
5.06857	40.1016
5.07024	39.6369
5.07191	38.5125
5.07357	37.1998
5.07524	40.5480
5.07690	40.6411
5.07857	40.1439
5.08023	40.6685
5.08190	41.2212
5.08357	42.1205
5.08523	42.1127
5.08690	41.3847
5.08856	41.5566
5.09023	40.7984
5.09189	40.0556
5.09356	40.4571
5.09522	40.9876
5.09689	39.7466
5.09856	40.8609
5.10022	42.1886
5.10189	41.6388
5.10355	38.6164
5.10522	37.8241
5.10688	38.2416
5.10855	38.2548
5.11022	37.9023
5.11188	38.6134
5.11355	41.3150
5.11521	43.4598
5.11688	43.9714
5.11854	43.2947
5.12021	43.2292
5.12187	43.6229
5.12354	41.4474
5.12521	39.3315
5.12687	39.0000
5.12854	39.0658
5.13020	39.6721
5.13187	39.3707
5.13353	38.9969
5.13520	37.8131
5.13687	37.7227
5.13853	41.3213
5.14020	43.6211
5.14186	43.6156
5.14353	41.3090
5.14519	41.1485
5.14686	41.1889
5.14853	39.8311
5.15019	40.0433
5.15186	40.3788
5.15352	40.5053
5.15519	40.2263
5.15685	39.5669
5.15852	41.1062
5.16018	41.1790
5.16185	40.1464
5.16352	40.2042
5.16518	40.4272
5.16685	40.2721
5.16851	41.3985
5.17018	41.4525
5.17184	42.4101
5.17351	43.8229
5.17518	41.1013
5.17684	39.8491
5.17851	40.1677
5.18017	40.5779
5.18184	40.7511
5.18350	39.9985
5.18517	38.7929
5.18684	38.9249
5.18850	38.9269
5.19017	41.0803
5.19183	42.6033
5.19350	41.3548
5.19516	40.1023
5.19683	38.8639
5.19849	39.8805
5.20016	40.7025
5.20183	42.0760
5.20349	43.7696
5.20516	41.0385
5.20682	40.8954
5.20849	40.8195
5.21015	41.1958
5.21182	39.9394
5.21349	41.1127
5.21515	40.5317
5.21682	40.5380
5.21848	39.2580
5.22015	40.0795
5.22181	40.7783
5.22348	41.1332
5.22515	41.4040
5.22681	40.6780
5.22848	39.9220
5.23014	40.5546
5.23181	40.9321
5.23347	40.1730
5.23514	39.8972
5.23680	40.6499
5.23847	40.4960
5.24014	40.0355
5.24180	41.2809
5.24347	42.5045
5.24513	40.0295
5.24680	38.9399
5.24846	38.8428
5.25013	40.8611
5.25180	43.0034
5.25346	45.1418
5.25513	45.6292
5.25679	42.4188
5.25846	41.0900
5.26012	40.7342
5.26179	38.1168
5.26346	40.6188
5.26512	39.7122
5.26679	38.7371
5.26845	40.4169
5.27012	41.3099
5.27178	43.3932
5.27345	42.4221
5.27512	40.7978
5.27678	39.0598
5.27845	38.6248
5.28011	38.9293
5.28178	38.2441
5.28344	38.1492
5.28511	40.2260
5.28677	40.1356
5.28844	39.3760
5.29011	39.6883
5.29177	41.5648
5.29344	41.0987
5.29510	41.3022
5.29677	40.4491
5.29843	38.2873
5.30010	38.1154
5.30177	40.9739
5.30343	41.7030
5.30510	40.7681
5.30676	38.6181
5.30843	39.8296
5.31009	41.0286
5.31176	40.1355
5.31342	38.7995
5.31509	38.7841
5.31676	40.9639
5.31842	42.0610
5.32009	42.0000
5.32175	42.0000
5.32342	41.9543
5.32508	41.1866
5.32675	40.1478
5.32842	39.0020
5.33008	38.3488
5.33175	39.7009
5.33341	40.9965
5.33508	40.8319
5.33674	42.0792
5.33841	43.1420
5.34008	42.6027
5.34174	42.3219
5.34341	42.1843
5.34507	42.2585
5.34674	43.6677
5.34840	44.0659
5.35007	42.8399
5.35173	41.3423
5.35340	40.5537
5.35507	39.8492
5.35673	40.5479
5.35840	42.6939
5.36006	41.6485
5.36173	40.1122
5.36339	39.9871
5.36506	41.0933
5.36673	41.0105
5.36839	42.1296
5.37006	42.3920
5.37172	42.5067
5.37339	40.9213
5.37505	40.3699
5.37672	40.5213
5.37839	41.1869
5.38005	42.3622
5.38172	42.6544
5.38338	40.5653
5.38505	39.5047
5.38671	39.1569
5.38838	39.6873
5.39004	39.1898
5.39171	39.0131
5.39338	40.0538
5.39504	40.6645
5.39671	38.6840
5.39837	37.8224
5.40004	37.7912
5.40170	36.3760
5.40337	37.4894
5.40504	39.8604
5.40670	39.4092
5.40837	38.8275
5.41003	41.5141
5.41170	41.5795
5.41336	41.1544
5.41503	40.9136
5.41670	41.5580
5.41836	41.7490
5.42003	42.3838
5.42169	42.9843
5.42336	44.1632
5.42502	43.8140
5.42669	41.1535
5.42835	40.5040
5.43002	41.0607
5.43169	40.0505
5.43335	41.2018
5.43502	41.7556
5.43668	41.9107
5.43835	42.2837
5.44001	41.6717
5.44168	40.9960
5.44335	41.0512
5.44501	40.1049
5.44668	40.1589
5.44834	40.5639
5.45001	41.6943
5.45167	42.3424
5.45334	41.9802
5.45501	41.1138
5.45667	39.0495
5.45834	38.4634
5.46000	41.9919
5.46167	44.4142
5.46333	43.3929
5.46500	41.5613
5.46666	40.5923
5.46833	40.4840
5.47000	40.3543
5.47166	42.9756
5.47333	43.6287
5.47499	43.6761
5.47666	44.3929
5.47832	43.4304
5.47999	42.5862
5.48166	41.7713
5.48332	41.6309
5.48499	41.9377
5.48665	41.5291
5.48832	40.3781
5.48998	39.4590
5.49165	39.5296
5.49332	41.3615
5.49498	42.5394
5.49665	41.7720
5.49831	41.2138
5.49998	40.5588
5.50164	40.3205
5.50331	39.7313
5.50497	40.5833
5.50664	39.6240
5.50831	38.1685
5.50997	38.6524
5.51164	39.4802
5.51330	41.1707
5.51497	42.6715
5.51663	42.8650
5.51830	41.3732
5.51997	41.8634
5.52163	42.9989
5.52330	42.1054
5.52496	42.1886
5.52663	41.7067
5.52829	41.1597
5.52996	41.1781
5.53162	41.0161
5.53329	41.1196
5.53496	40.7336
5.53662	38.5526
5.53829	38.3882
5.53995	39.7071
5.54162	41.5276
5.54328	42.3990
5.54495	42.0957
5.54662	41.1530
5.54828	41.5661
5.54995	40.2399
5.55161	39.7981
5.55328	41.5359
5.55494	42.3562
5.55661	42.2320
5.55828	41.8750
5.55994	39.6233
5.56161	39.5956
5.56327	40.0752
5.56494	41.3793
5.56660	41.6667
5.56827	42.2724
5.56993	41.4242
5.57160	39.9062
5.57327	39.3188
5.57493	40.1166
5.57660	40.6496
5.57826	40.6637
5.57993	40.0842
5.58159	39.8079
5.58326	40.3274
5.58493	40.9977
5.58659	41.2313
5.58826	42.9165
5.58992	42.3156
5.59159	41.3658
5.59325	41.4894
5.59492	41.4114
5.59659	40.2638
5.59825	40.7556
5.59992	42.0327
5.60158	44.5691
5.60325	45.0606
5.60491	45.2952
5.60658	44.5868
5.60824	43.9192
5.60991	42.6610
5.61158	43.6056
5.61324	44.5483
5.61491	46.5391
5.61657	46.8662
5.61824	46.2159
5.61990	44.7440
5.62157	43.6846
5.62324	42.9889
5.62490	43.4628
5.62657	45.9413
5.62823	46.0847
5.62990	46.7182
5.63156	46.7352
5.63323	47.0000
5.63490	47.0000
5.63656	47.0000
5.63823	48.5537
5.63989	50.3681
5.64156	50.9736
5.64322	50.9866
5.64489	51.0756
5.64655	51.0515
5.64822	51.7883
5.64989	55.3983
5.65155	55.3650
5.65322	52.5080
5.65488	52.4052
5.65655	50.6691
5.65821	50.9803
5.65988	52.9047
5.66155	54.5769
5.66321	57.2681
5.66488	58.5705
5.66654	57.6568
5.66821	56.5106
5.66987	56.7508
5.67154	56.4727
5.67321	56.9295
5.67487	56.2152
5.67654	56.6249
5.67820	56.2598
5.67987	56.6643
5.68153	58.8753
5.68320	58.6894
5.68486	58.5063
5.68653	58.8312
5.68820	57.4262
5.68986	56.8499
5.69153	58.6876
5.69319	58.2712
5.69486	57.6196
5.69652	58.2200
5.69819	58.3918
5.69986	58.9022
5.70152	60.6841
5.70319	61.5270
5.70485	61.9925
5.70652	61.4899
5.70818	60.4395
5.70985	60.2909
5.71152	58.1529
5.71318	57.9736
5.71485	59.7563
5.71651	59.5650
5.71818	59.7528
5.71984	60.1615
5.72151	61.7198
5.72317	63.9316
5.72484	64.3500
5.72651	63.1299
5.72817	61.3805
5.72984	60.5916
5.73150	60.9108
5.73317	59.9469
5.73483	58.9201
5.73650	58.7891
5.73817	58.0067
5.73983	59.7015
5.74150	61.3612
5.74316	63.3333
