0.002000	53.083300
0.003670	53.185100
0.005330	52.781200
0.007000	52.600300
0.008660	52.537300
0.010330	53.851800
0.011990	52.571900
0.013660	51.904700
0.015330	51.845900
0.016990	49.897200
0.018660	49.536000
0.020320	51.535600
0.021990	52.001600
0.023650	52.303500
0.025320	51.145900
0.026980	51.000000
0.028650	51.499700
0.030320	52.689300
0.031980	53.588300
0.033650	52.078000
0.035310	51.699100
0.036980	53.356600
0.038640	52.969300
0.040310	52.647100
0.041980	52.311200
0.043640	51.426900
0.045310	49.368500
0.046970	49.585700
0.048640	50.831000
0.050300	51.406600
0.051970	52.024000
0.053640	51.331200
0.055300	52.164800
0.056970	54.440800
0.058630	54.379500
0.060300	54.612800
0.061960	55.529300
0.063630	56.509700
0.065290	58.223000
0.066960	59.078200
0.068630	58.666500
0.070290	58.548000
0.071960	60.330300
0.073620	62.090700
0.075290	62.927900
0.076950	61.723500
0.078620	61.579300
0.080290	60.542100
0.081950	60.482700
0.083620	61.989600
0.085280	64.494100
0.086950	67.575500
0.088610	65.509500
0.090280	64.130100
0.091950	65.500000
0.093610	66.934200
0.095280	67.614700
0.096940	68.751200
0.098610	70.796000
0.100270	72.570300
0.101940	72.666700
0.103600	72.890700
0.105270	73.563200
0.106940	74.507700
0.108600	73.885300
0.110270	73.703300
0.111930	74.964600
0.113600	76.924300
0.115260	78.691700
0.116930	79.474500
0.118600	78.172300
0.120260	79.087200
0.121930	80.020500
0.123590	80.059700
0.125260	80.587300
0.126920	78.720800
0.128590	78.743000
0.130260	79.323600
0.131920	82.093200
0.133590	83.180200
0.135250	82.470200
0.136920	83.185300
0.138580	84.250200
0.140250	84.817100
0.141910	84.451900
0.143580	83.664000
0.145250	83.086900
0.146910	82.886300
0.148580	83.603300
0.150240	82.962700
0.151910	82.884100
0.153570	80.788000
0.155240	80.225800
0.156910	81.663000
0.158570	82.589900
0.160240	82.628800
0.161900	83.543200
0.163570	83.561500
0.165230	83.377100
0.166900	83.425600
0.168570	83.791100
0.170230	84.527400
0.171900	85.348100
0.173560	85.711900
0.175230	85.241600
0.176890	84.564600
0.178560	85.189600
0.180220	86.497500
0.181890	85.126700
0.183560	84.264200
0.185220	84.311000
0.186890	84.530900
0.188550	84.348500
0.190220	85.901600
0.191880	85.600000
0.193550	85.217900
0.195220	85.273200
0.196880	84.315900
0.198550	81.655200
0.200210	80.383900
0.201880	83.121000
0.203540	83.598300
0.205210	82.443000
0.206870	82.265400
0.208540	82.333300
0.210210	83.056800
0.211870	84.912100
0.213540	86.663600
0.215200	85.789800
0.216870	85.298400
0.218530	85.878500
0.220200	86.567400
0.221870	86.385000
0.223530	84.869100
0.225200	83.835900
0.226860	83.668900
0.228530	82.985700
0.230190	82.698800
0.231860	83.373600
0.233530	85.267100
0.235190	85.628800
0.236860	84.543500
0.238520	83.784600
0.240190	84.213100
0.241850	85.192000
0.243520	85.757600
0.245180	86.522600
0.246850	86.874800
0.248520	84.266100
0.250180	83.697000
0.251850	84.978900
0.253510	85.198300
0.255180	83.926900
0.256840	82.356200
0.258510	83.010400
0.260180	86.049100
0.261840	87.768000
0.263510	88.018600
0.265170	87.669300
0.266840	87.150500
0.268500	85.220300
0.270170	86.144800
0.271840	87.287600
0.273500	86.751600
0.275170	86.377600
0.276830	86.514600
0.278500	86.713700
0.280160	86.835800
0.281830	86.373400
0.283490	87.155600
0.285160	86.585400
0.286830	85.575700
0.288490	86.181200
0.290160	85.624300
0.291820	85.190700
0.293490	84.868500
0.295150	83.334400
0.296820	81.547900
0.298490	82.124500
0.300150	85.559600
0.301820	85.999300
0.303480	85.338600
0.305150	86.036500
0.306810	86.845800
0.308480	87.332000
0.310150	87.641300
0.311810	88.186200
0.313480	87.835100
0.315140	87.770500
0.316810	87.072900
0.318470	85.891900
0.320140	84.796500
0.321800	85.584300
0.323470	86.760500
0.325140	86.251700
0.326800	86.257800
0.328470	86.874900
0.330130	84.958300
0.331800	84.136900
0.333460	86.530900
0.335130	88.074400
0.336800	87.743000
0.338460	88.119900
0.340130	89.414300
0.341790	87.985800
0.343460	85.924600
0.345120	82.217600
0.346790	83.709200
0.348460	82.644300
0.350120	83.160900
0.351790	86.958100
0.353450	87.438100
0.355120	87.562200
0.356780	85.694300
0.358450	84.921800
0.360110	84.809900
0.361780	85.037300
0.363450	85.618800
0.365110	84.558400
0.366780	83.695500
0.368440	84.307400
0.370110	84.224700
0.371770	84.072900
0.373440	85.581400
0.375110	85.782400
0.376770	86.471900
0.378440	86.318500
0.380100	85.969500
0.381770	85.787900
0.383430	85.666700
0.385100	86.021700
0.386770	84.930500
0.388430	85.400100
0.390100	85.918500
0.391760	84.564800
0.393430	85.880700
0.395090	86.055100
0.396760	84.814700
0.398420	84.864300
0.400090	85.173800
0.401760	87.257500
0.403420	88.059800
0.405090	88.034200
0.406750	87.755000
0.408420	88.528900
0.410080	88.629800
0.411750	88.618700
0.413420	88.610400
0.415080	88.266800
0.416750	87.085500
0.418410	86.931600
0.420080	87.536000
0.421740	88.602300
0.423410	88.156300
0.425080	88.333300
0.426740	88.258900
0.428410	88.316700
0.430070	88.119700
0.431740	88.079000
0.433400	87.942200
0.435070	87.485200
0.436730	86.731300
0.438400	87.167500
0.440070	87.847400
0.441730	87.404300
0.443400	86.983800
0.445060	86.511000
0.446730	86.583700
0.448390	85.609800
0.450060	85.989200
0.451730	86.904900
0.453390	87.208300
0.455060	87.229900
0.456720	86.879800
0.458390	86.246100
0.460050	83.652400
0.461720	83.312200
0.463390	84.871800
0.465050	85.314500
0.466720	85.208500
0.468380	86.512700
0.470050	85.094000
0.471710	83.959100
0.473380	85.438500
0.475040	87.113300
0.476710	87.211800
0.478380	88.404300
0.480040	88.622300
0.481710	87.594400
0.483370	87.444700
0.485040	88.116600
0.486700	87.835200
0.488370	86.948800
0.490040	86.293500
0.491700	86.814400
0.493370	87.333300
0.495030	86.840400
0.496700	87.550400
0.498360	89.457400
0.500030	88.667300
0.501700	88.479100
0.503360	88.552300
0.505030	87.985500
0.506690	85.813500
0.508360	84.303300
0.510020	85.721300
0.511690	87.564100
0.513350	87.410700
0.515020	86.139900
0.516690	87.332800
0.518350	88.000900
0.520020	86.333000
0.521680	86.111200
0.523350	86.986800
0.525010	87.659200
0.526680	86.972700
0.528350	86.558400
0.530010	85.726500
0.531680	85.437800
0.533340	86.546700
0.535010	87.636700
0.536670	87.259100
0.538340	87.544700
0.540010	88.242500
0.541670	89.431200
0.543340	89.299300
0.545000	88.983100
0.546670	87.484600
0.548330	87.007900
0.550000	88.489000
0.551660	89.880000
0.553330	89.696800
0.555000	88.061600
0.556660	88.475500
0.558330	88.757300
0.559990	89.031300
0.561660	86.941300
0.563320	86.435100
0.564990	86.634300
0.566660	86.351300
0.568320	87.706900
0.569990	87.773900
0.571650	87.629000
0.573320	87.682500
0.574980	86.908300
0.576650	85.816600
0.578320	85.141100
0.579980	86.012500
0.581650	85.920900
0.583310	85.593400
0.584980	87.465800
0.586640	88.513800
0.588310	86.177300
0.589970	86.625700
0.591640	87.486600
0.593310	86.984400
0.594970	87.584900
0.596640	86.897200
0.598300	85.641500
0.599970	86.347800
0.601630	86.799900
0.603300	85.581500
0.604970	84.141900
0.606630	83.967200
0.608300	84.328700
0.609960	85.448300
0.611630	86.426600
0.613290	84.591000
0.614960	84.510400
0.616620	84.667700
0.618290	84.952700
0.619960	86.873800
0.621620	86.869500
0.623290	85.803800
0.624950	87.748300
0.626620	87.034100
0.628280	86.105600
0.629950	86.240200
0.631620	85.832500
0.633280	85.932400
0.634950	85.989200
0.636610	86.908600
0.638280	86.016800
0.639940	83.998700
0.641610	83.266600
0.643280	83.560200
0.644940	86.185200
0.646610	86.324300
0.648270	85.261300
0.649940	85.321100
0.651600	85.907500
0.653270	86.672400
0.654930	87.218300
0.656600	87.333300
0.658270	87.029100
0.659930	87.876700
0.661600	88.763200
0.663260	87.762600
0.664930	87.860900
0.666590	88.375700
0.668260	87.659600
0.669930	87.051300
0.671590	87.768400
0.673260	86.980600
0.674920	84.831300
0.676590	86.852500
0.678250	88.427400
0.679920	88.026200
0.681590	86.833100
0.683250	86.749600
0.684920	86.902200
0.686580	86.815600
0.688250	88.012600
0.689910	88.909200
0.691580	89.131400
0.693240	88.974900
0.694910	89.016000
0.696580	88.486000
0.698240	87.639600
0.699910	86.018300
0.701570	85.755400
0.703240	86.105500
0.704900	86.586300
0.706570	87.029800
0.708240	88.036000
0.709900	87.765600
0.711570	86.163600
0.713230	86.240500
0.714900	88.454200
0.716560	89.294000
0.718230	88.994400
0.719900	89.014700
0.721560	87.671700
0.723230	87.039500
0.724890	86.814100
0.726560	87.431600
0.728220	87.033800
0.729890	86.208300
0.731550	84.765000
0.733220	84.168600
0.734890	84.600400
0.736550	85.662300
0.738220	83.825600
0.739880	83.618300
0.741550	83.334100
0.743210	84.999800
0.744880	85.756000
0.746550	85.764800
0.748210	85.727200
0.749880	85.681400
0.751540	84.713200
0.753210	85.018400
0.754870	86.298600
0.756540	85.842700
0.758210	85.287500
0.759870	85.866200
0.761540	86.368700
0.763200	85.201000
0.764870	83.850000
0.766530	83.057200
0.768200	83.691300
0.769860	83.621800
0.771530	83.788100
0.773200	84.070000
0.774860	86.129400
0.776530	87.464100
0.778190	84.814300
0.779860	84.258400
0.781520	85.512400
0.783190	87.294800
0.784860	87.868300
0.786520	88.333300
0.788190	88.303800
0.789850	86.162300
0.791520	85.853400
0.793180	84.825200
0.794850	83.729400
0.796520	84.064200
0.798180	83.441900
0.799850	83.714000
0.801510	84.471000
0.803180	84.813600
0.804840	84.790000
0.806510	85.170300
0.808170	85.796700
0.809840	85.543300
0.811510	86.071100
0.813170	86.306700
0.814840	87.102300
0.816500	86.147600
0.818170	82.259000
0.819830	79.662100
0.821500	83.050400
0.823170	84.991900
0.824830	86.405000
0.826500	87.999300
0.828160	88.673700
0.829830	89.383800
0.831490	89.694000
0.833160	89.167600
0.834830	87.323400
0.836490	86.420400
0.838160	85.967200
0.839820	84.680700
0.841490	84.752100
0.843150	85.963800
0.844820	87.242900
0.846480	85.138500
0.848150	85.354500
0.849820	86.601100
0.851480	85.709600
0.853150	84.612400
0.854810	85.275000
0.856480	86.661500
0.858140	87.723200
0.859810	87.128600
0.861480	87.216200
0.863140	85.725800
0.864810	84.078900
0.866470	83.725300
0.868140	85.323000
0.869800	87.452500
0.871470	85.754400
0.873140	85.388700
0.874800	86.388400
0.876470	86.754800
0.878130	86.411800
0.879800	86.333300
0.881460	86.124700
0.883130	85.360000
0.884790	86.178600
0.886460	86.819100
0.888130	87.226400
0.889790	85.424700
0.891460	83.870900
0.893120	85.491400
0.894790	86.501000
0.896450	86.441600
0.898120	86.133500
0.899790	85.697900
0.901450	85.998000
0.903120	85.869800
0.904780	86.216900
0.906450	86.526800
0.908110	85.411700
0.909780	83.921600
0.911450	84.048800
0.913110	84.557400
0.914780	85.740900
0.916440	85.916700
0.918110	87.509900
0.919770	87.427700
0.921440	87.570700
0.923100	86.664000
0.924770	87.335800
0.926440	89.058500
0.928100	89.163300
0.929770	88.690500
0.931430	86.369500
0.933100	83.473400
0.934760	84.375500
0.936430	85.185500
0.938100	85.585300
0.939760	87.997600
0.941430	87.753300
0.943090	86.120100
0.944760	85.200000
0.946420	84.963200
0.948090	85.683800
0.949760	84.768700
0.951420	83.837000
0.953090	85.368900
0.954750	86.275500
0.956420	87.712200
0.958080	90.674800
0.959750	88.949700
0.961410	87.690100
0.963080	86.655400
0.964750	85.992700
0.966410	85.424200
0.968080	84.216800
0.969740	86.490300
0.971410	87.336900
0.973070	86.139000
0.974740	85.844400
0.976410	85.292500
0.978070	82.030300
0.979740	83.398000
0.981400	85.662600
0.983070	86.305500
0.984730	84.229500
0.986400	83.990500
0.988070	85.110600
0.989730	84.989300
0.991400	85.954000
0.993060	85.968300
0.994730	85.364900
0.996390	84.682500
0.998060	84.599600
0.999720	83.876300
1.001390	84.751100
1.003060	84.757500
1.004720	84.998500
1.006390	86.017400
1.008050	85.901800
1.009720	86.595300
1.011380	89.117700
1.013050	89.393300
1.014720	89.669600
1.016380	84.132400
1.018050	83.626300
1.019710	83.592300
1.021380	84.968300
1.023040	87.444200
1.024710	87.748800
1.026370	85.094000
1.028040	84.017100
1.029710	85.807300
1.031370	88.094600
1.033040	86.601400
1.034700	84.266300
1.036370	83.835800
1.038030	85.964600
1.039700	88.446600
1.041370	87.793900
1.043030	86.540400
1.044700	86.849400
1.046360	86.748600
1.048030	83.864100
1.049690	83.070000
1.051360	82.608300
1.053030	84.643200
1.054690	84.670700
1.056360	85.283100
1.058020	85.127100
1.059690	87.621500
1.061350	87.562200
1.063020	85.517300
1.064680	86.036700
1.066350	86.416300
1.068020	85.169600
1.069680	85.189100
1.071350	86.857500
1.073010	87.805600
1.074680	87.351300
1.076340	86.812600
1.078010	89.052700
1.079680	90.826700
1.081340	89.718100
1.083010	88.337900
1.084670	87.383500
1.086340	87.178400
1.088000	87.421700
1.089670	88.331700
1.091340	88.163100
1.093000	88.218400
1.094670	88.041000
1.096330	88.130000
1.098000	87.295600
1.099660	87.172500
1.101330	86.741200
1.102990	86.366100
1.104660	86.271900
1.106330	87.723100
1.107990	88.924100
1.109660	87.581400
1.111320	86.131600
1.112990	85.356200
1.114650	84.926600
1.116320	83.983300
1.117990	84.660100
1.119650	84.647300
1.121320	85.729400
1.122980	87.030900
1.124650	88.940500
1.126310	87.562300
1.127980	85.465400
1.129650	84.729100
1.131310	84.460400
1.132980	85.598400
1.134640	84.995500
1.136310	84.158200
1.137970	85.586000
1.139640	85.414800
1.141300	86.359900
1.142970	88.948300
1.144640	92.469600
1.146300	89.566700
1.147970	87.186300
1.149630	86.592600
1.151300	84.847500
1.152960	85.891500
1.154630	86.347800
1.156300	83.951600
1.157960	84.333300
1.159630	84.729400
1.161290	86.229400
1.162960	85.364300
1.164620	86.245900
1.166290	85.576100
1.167960	84.462200
1.169620	85.128600
1.171290	85.972600
1.172950	87.783800
1.174620	85.404000
1.176280	84.928900
1.177950	84.218000
1.179610	84.030000
1.181280	85.574000
1.182950	84.810500
1.184610	83.822800
1.186280	85.215900
1.187940	85.480600
1.189610	85.932600
1.191270	85.919800
1.192940	84.780200
1.194610	84.696600
1.196270	84.042500
1.197940	81.610600
1.199600	82.230700
1.201270	84.063800
1.202930	85.027200
1.204600	85.437100
1.206270	85.642900
1.207930	85.669300
1.209600	86.302700
1.211260	86.591300
1.212930	85.323500
1.214590	84.396100
1.216260	86.258800
1.217920	88.567300
1.219590	87.566700
1.221260	87.238300
1.222920	86.181800
1.224590	84.650500
1.226250	83.378900
1.227920	85.001200
1.229580	86.852700
1.231250	84.902500
1.232920	83.792700
1.234580	83.840300
1.236250	83.104600
1.237910	83.943600
1.239580	84.269300
1.241240	84.991900
1.242910	85.669800
1.244580	87.331900
1.246240	88.181100
1.247910	88.252200
1.249570	84.688200
1.251240	84.625700
1.252900	84.249000
1.254570	83.876700
1.256230	85.702300
1.257900	85.265400
1.259570	84.971300
1.261230	84.153900
1.262900	83.721400
1.264560	85.793300
1.266230	87.081800
1.267890	86.087600
1.269560	88.246800
1.271230	86.884900
1.272890	86.627400
1.274560	85.425200
1.276220	84.094900
1.277890	84.256500
1.279550	84.871700
1.281220	84.929900
1.282890	83.442600
1.284550	83.610600
1.286220	84.782300
1.287880	85.337200
1.289550	85.333300
1.291210	85.333300
1.292880	85.264400
1.294540	83.981900
1.296210	84.078000
1.297880	85.034100
1.299540	86.686700
1.301210	84.854500
1.302870	85.318000
1.304540	86.265800
1.306200	87.606300
1.307870	87.640900
1.309540	85.624300
1.311200	85.300300
1.312870	84.588600
1.314530	84.380700
1.316200	83.944500
1.317860	83.877900
1.319530	84.088400
1.321200	83.931600
1.322860	84.227100
1.324530	87.345700
1.326190	87.564100
1.327860	86.991400
1.329520	86.831600
1.331190	87.941200
1.332850	86.979100
1.334520	84.535000
1.336190	84.617200
1.337850	87.461200
1.339520	87.957800
1.341180	86.785400
1.342850	85.846400
1.344510	85.115700
1.346180	85.793600
1.347850	85.128800
1.349510	84.653400
1.351180	86.802800
1.352840	86.830500
1.354510	86.270000
1.356170	84.414600
1.357840	85.136400
1.359510	84.593100
1.361170	83.743300
1.362840	84.333300
1.364500	84.122900
1.366170	84.134100
1.367830	84.708200
1.369500	85.511800
1.371160	86.295100
1.372830	86.116100
1.374500	85.195500
1.376160	83.556800
1.377830	84.110600
1.379490	84.985900
1.381160	86.703200
1.382820	85.069300
1.384490	82.340000
1.386160	82.916700
1.387820	85.053300
1.389490	83.977200
1.391150	87.555300
1.392820	85.617800
1.394480	82.611700
1.396150	80.971500
1.397820	82.549900
1.399480	82.721100
1.401150	81.741600
1.402810	82.849900
1.404480	83.494200
1.406140	82.830000
1.407810	84.012000
1.409470	83.448600
1.411140	83.043600
1.412810	83.849600
1.414470	84.083100
1.416140	83.432300
1.417800	84.600900
1.419470	85.846100
1.421130	86.230300
1.422800	84.248300
1.424470	83.014100
1.426130	81.830300
1.427800	81.180400
1.429460	83.898000
1.431130	84.032100
1.432790	82.752800
1.434460	82.799900
1.436120	83.556100
1.437790	82.971800
1.439460	82.179800
1.441120	81.753200
1.442790	81.644600
1.444450	82.490000
1.446120	84.333600
1.447780	84.356500
1.449450	83.495000
1.451120	84.105700
1.452780	85.403800
1.454450	84.080100
1.456110	81.876300
1.457780	80.809200
1.459440	83.237000
1.461110	83.475000
1.462780	83.084800
1.464440	83.133900
1.466110	82.315500
1.467770	81.871200
1.469440	82.488600
1.471100	83.268400
1.472770	84.838400
1.474430	84.201800
1.476100	84.085900
1.477770	85.736100
1.479430	86.608600
1.481100	86.032700
1.482760	85.906000
1.484430	88.618000
1.486090	86.447900
1.487760	85.748200
1.489430	85.199600
1.491090	84.390800
1.492760	84.453100
1.494420	84.498100
1.496090	83.153400
1.497750	82.461600
1.499420	81.926600
1.501090	81.770400
1.502750	81.880500
1.504420	81.835800
1.506080	82.956400
1.507750	84.581800
1.509410	83.996400
1.511080	84.585700
1.512740	85.000000
1.514410	84.986000
1.516080	83.625800
1.517740	82.767200
1.519410	81.344800
1.521070	80.549200
1.522740	82.066400
1.524400	83.663300
1.526070	83.620800
1.527740	83.166700
1.529400	85.008900
1.531070	85.100400
1.532730	82.333100
1.534400	83.315300
1.536060	84.074000
1.537730	82.632900
1.539400	82.517600
1.541060	82.458200
1.542730	83.100400
1.544390	82.547500
1.546060	81.665600
1.547720	81.501700
1.549390	81.866100
1.551050	82.727200
1.552720	83.604600
1.554390	82.882000
1.556050	84.089400
1.557720	85.400900
1.559380	85.549400
1.561050	84.175800
1.562710	82.572100
1.564380	82.997100
1.566050	84.099700
1.567710	84.424300
1.569380	85.194900
1.571040	85.094100
1.572710	85.171600
1.574370	83.343700
1.576040	83.193200
1.577710	83.829700
1.579370	83.148100
1.581040	82.652700
1.582700	82.229100
1.584370	82.789100
1.586030	81.933300
1.587700	81.846000
1.589360	82.688900
1.591030	83.044200
1.592700	82.436000
1.594360	83.848200
1.596030	85.465900
1.597690	85.775800
1.599360	86.694700
1.601020	87.090200
1.602690	85.657300
1.604360	83.117200
1.606020	80.646700
1.607690	80.708300
1.609350	81.882000
1.611020	82.018900
1.612680	83.928400
1.614350	84.527900
1.616020	83.272300
1.617680	82.040800
1.619350	83.382300
1.621010	83.336800
1.622680	82.749400
1.624340	84.531600
1.626010	84.916300
1.627670	84.769700
1.629340	84.815700
1.631010	83.525900
1.632670	82.976900
1.634340	84.207800
1.636000	83.958700
1.637670	82.114300
1.639330	81.734800
1.641000	82.891500
1.642670	82.972700
1.644330	82.776100
1.646000	82.986600
1.647660	83.619900
1.649330	82.474100
1.650990	81.872200
1.652660	80.939400
1.654330	79.918200
1.655990	82.843100
1.657660	84.525800
1.659320	82.760900
1.660990	83.069700
1.662650	82.580600
1.664320	81.933900
1.665980	82.672300
1.667650	84.241600
1.669320	85.004400
1.670980	84.000000
1.672650	84.257600
1.674310	83.771300
1.675980	82.906800
1.677640	80.901300
1.679310	79.012800
1.680980	80.217400
1.682640	79.715900
1.684310	79.017500
1.685970	78.958100
1.687640	82.247900
1.689300	84.244900
1.690970	83.655000
1.692640	82.880600
1.694300	81.972900
1.695970	81.239600
1.697630	81.486500
1.699300	81.462400
1.700960	82.136100
1.702630	82.666700
1.704290	82.434300
1.705960	82.821500
1.707630	82.732900
1.709290	82.082200
1.710960	80.855200
1.712620	80.904500
1.714290	80.025300
1.715950	78.524600
1.717620	80.918200
1.719290	82.724500
1.720950	83.799000
1.722620	81.188700
1.724280	79.686300
1.725950	80.184500
1.727610	80.504600
1.729280	79.873300
1.730950	80.059400
1.732610	80.164500
1.734280	80.167200
1.735940	81.759100
1.737610	80.897800
1.739270	80.724300
1.740940	80.573200
1.742600	80.062600
1.744270	80.109800
1.745940	80.841000
1.747600	80.236000
1.749270	81.078300
1.750930	82.163300
1.752600	80.168000
1.754260	78.826400
1.755930	79.787900
1.757600	81.489400
1.759260	80.489500
1.760930	78.759600
1.762590	79.245700
1.764260	80.631600
1.765920	80.352200
1.767590	78.899500
1.769260	78.899900
1.770920	80.178100
1.772590	81.337800
1.774250	82.591100
1.775920	82.628300
1.777580	81.628700
1.779250	80.402000
1.780910	81.873200
1.782580	83.878800
1.784250	84.615000
1.785910	84.490100
1.787580	82.646700
1.789240	83.214300
1.790910	82.434900
1.792570	81.230100
1.794240	80.951600
1.795910	80.454500
1.797570	79.813900
1.799240	81.050000
1.800900	80.929600
1.802570	81.456500
1.804230	80.866800
1.805900	81.876100
1.807560	82.027600
1.809230	81.594200
1.810900	81.645400
1.812560	78.591000
1.814230	79.671400
1.815890	84.449300
1.817560	83.569800
1.819220	81.288100
1.820890	81.870300
1.822560	81.350500
1.824220	78.202500
1.825890	80.884100
1.827550	81.127700
1.829220	79.371600
1.830880	79.478500
1.832550	81.361700
1.834220	82.617200
1.835880	81.765000
1.837550	81.302700
1.839210	80.749200
1.840880	80.583000
1.842540	80.077600
1.844210	78.581100
1.845870	78.185700
1.847540	78.932100
1.849210	80.794600
1.850870	80.837900
1.852540	79.084400
1.854200	77.909500
1.855870	79.084100
1.857530	80.177200
1.859200	80.242600
1.860870	80.647500
1.862530	80.160600
1.864200	79.366800
1.865860	78.810300
1.867530	79.395900
1.869190	80.169500
1.870860	81.771100
1.872530	83.130800
1.874190	83.089000
1.875860	82.145900
1.877520	82.824700
1.879190	83.565400
1.880850	81.366900
1.882520	79.978700
1.884180	79.743200
1.885850	78.647300
1.887520	78.616800
1.889180	78.793200
1.890850	78.352600
1.892510	78.389200
1.894180	79.174800
1.895840	79.928100
1.897510	80.372500
1.899180	80.090200
1.900840	78.442400
1.902510	79.203400
1.904170	80.607700
1.905840	82.840500
1.907500	84.253600
1.909170	82.583300
1.910840	80.392700
1.912500	80.452100
1.914170	80.227000
1.915830	77.772200
1.917500	76.610300
1.919160	78.324600
1.920830	78.996300
1.922490	78.354900
1.924160	78.492100
1.925830	77.887000
1.927490	76.469300
1.929160	77.325100
1.930820	77.958900
1.932490	75.600900
1.934150	78.308300
1.935820	80.301800
1.937490	78.319600
1.939150	78.788900
1.940820	80.006200
1.942480	79.946100
1.944150	78.493500
1.945810	78.263300
1.947480	77.180800
1.949150	76.581100
1.950810	77.612300
1.952480	78.243500
1.954140	77.771300
1.955810	77.618700
1.957470	79.471900
1.959140	79.180600
1.960800	77.741300
1.962470	76.526000
1.964140	78.564200
1.965800	78.939800
1.967470	80.194700
1.969130	81.149100
1.970800	79.782100
1.972460	79.071600
1.974130	77.675500
1.975800	76.626600
1.977460	77.999400
1.979130	78.662700
1.980790	78.764100
1.982460	79.496800
1.984120	78.338500
1.985790	79.167800
1.987460	79.463300
1.989120	78.885400
1.990790	77.080900
1.992450	74.337700
1.994120	73.900500
1.995780	76.993800
1.997450	77.553900
1.999110	77.755700
2.000780	77.728900
2.002450	76.311900
2.004110	76.215700
2.005780	76.451300
2.007440	75.040700
2.009110	73.430900
2.010770	72.722600
2.012440	74.581100
2.014110	76.499500
2.015770	75.043600
2.017440	74.826100
2.019100	74.820200
2.020770	76.047300
2.022430	76.173700
2.024100	75.764500
2.025770	75.823900
2.027430	76.996800
2.029100	75.399100
2.030760	74.158400
2.032430	76.616800
2.034090	77.837200
2.035760	76.909300
2.037420	77.754300
2.039090	78.938500
2.040760	77.736100
2.042420	76.807900
2.044090	76.082500
2.045750	77.248800
2.047420	76.862700
2.049080	76.092400
2.050750	74.828400
2.052420	73.322700
2.054080	74.695100
2.055750	76.817600
2.057410	77.993300
2.059080	78.686600
2.060740	76.892000
2.062410	77.486800
2.064080	76.332500
2.065740	76.030600
2.067410	75.308600
2.069070	74.889400
2.070740	73.523400
2.072400	75.833800
2.074070	75.063500
2.075730	73.442300
2.077400	76.271400
2.079070	77.017700
2.080730	76.999700
2.082400	77.606600
2.084060	75.374700
2.085730	74.992600
2.087390	74.078500
2.089060	72.394800
2.090730	72.235200
2.092390	73.627100
2.094060	73.035700
2.095720	73.269900
2.097390	74.407800
2.099050	75.802600
2.100720	76.764700
2.102390	76.791400
2.104050	77.853700
2.105720	78.218400
2.107380	77.507000
2.109050	77.056900
2.110710	76.676100
2.112380	76.228100
2.114040	74.309800
2.115710	74.257800
2.117380	74.230700
2.119040	74.542000
2.120710	74.745700
2.122370	73.949000
2.124040	73.365900
2.125700	73.584000
2.127370	74.939500
2.129040	73.949700
2.130700	71.957900
2.132370	71.355500
2.134030	72.768600
2.135700	72.788900
2.137360	72.458500
2.139030	73.637400
2.140700	72.324000
2.142360	72.561900
2.144030	72.979200
2.145690	73.981500
2.147360	75.227400
2.149020	75.292000
2.150690	74.735600
2.152350	74.987700
2.154020	77.120400
2.155690	76.637900
2.157350	76.792300
2.159020	77.325600
2.160680	76.673100
2.162350	74.396800
2.164010	73.487100
2.165680	73.572300
2.167350	73.479400
2.169010	73.637900
2.170680	74.038200
2.172340	75.433700
2.174010	76.140700
2.175670	74.992300
2.177340	73.480900
2.179010	71.192400
2.180670	71.030100
2.182340	71.546100
2.184000	72.837200
2.185670	74.241300
2.187330	74.877300
2.189000	75.224400
2.190660	76.094300
2.192330	75.281400
2.194000	74.699000
2.195660	74.889300
2.197330	74.527100
2.198990	73.674300
2.200660	72.921900
2.202320	70.376500
2.203990	70.241800
2.205660	72.211400
2.207320	71.352300
2.208990	70.454600
2.210650	70.528700
2.212320	72.538700
2.213980	74.105800
2.215650	75.911200
2.217320	74.815900
2.218980	73.671100
2.220650	73.010400
2.222310	72.451600
2.223980	73.549700
2.225640	73.583700
2.227310	71.526800
2.228970	71.333300
2.230640	71.209700
2.232310	70.500800
2.233970	71.033000
2.235640	71.793200
2.237300	71.365900
2.238970	71.416100
2.240630	73.060600
2.242300	73.200600
2.243970	72.447400
2.245630	72.792000
2.247300	71.841300
2.248960	70.972800
2.250630	70.556800
2.252290	69.912000
2.253960	71.119100
2.255620	71.849400
2.257290	72.518400
2.258960	73.104700
2.260620	72.756600
2.262290	73.323000
2.263950	72.920500
2.265620	71.601500
2.267280	69.838300
2.268950	71.521800
2.270620	72.498300
2.272280	72.259200
2.273950	70.620500
2.275610	69.913100
2.277280	70.793600
2.278940	69.710900
2.280610	68.844800
2.282280	68.589500
2.283940	68.293300
2.285610	68.472900
2.287270	70.232300
2.288940	73.621900
2.290600	75.366700
2.292270	73.737100
2.293930	72.184600
2.295600	72.769800
2.297270	73.469500
2.298930	74.036800
2.300600	74.056100
2.302260	72.336900
2.303930	70.695900
2.305590	71.878900
2.307260	70.905700
2.308930	70.355000
2.310590	70.955600
2.312260	69.794300
2.313920	69.482200
2.315590	70.507100
2.317250	72.835400
2.318920	71.813200
2.320590	71.036800
2.322250	72.056100
2.323920	71.993200
2.325580	70.744900
2.327250	69.421800
2.328910	70.630900
2.330580	72.361800
2.332250	70.549400
2.333910	68.788700
2.335580	70.200300
2.337240	69.078100
2.338910	66.393000
2.340570	66.605400
2.342240	67.920900
2.343900	69.699000
2.345570	71.961700
2.347240	71.768300
2.348900	69.988100
2.350570	70.856100
2.352230	70.064100
2.353900	69.921700
2.355560	70.376400
2.357230	69.627500
2.358900	69.500500
2.360560	70.637600
2.362230	71.724900
2.363890	70.326900
2.365560	67.771900
2.367220	68.048600
2.368890	68.411100
2.370550	68.119200
2.372220	67.868600
2.373890	68.410800
2.375550	70.360600
2.377220	72.150800
2.378880	72.601300
2.380550	71.080700
2.382210	70.019200
2.383880	70.816600
2.385550	72.037500
2.387210	70.676300
2.388880	71.405600
2.390540	71.304100
2.392210	71.120000
2.393870	71.333300
2.395540	71.165400
2.397210	70.661200
2.398870	70.326200
2.400540	70.160900
2.402200	69.847800
2.403870	70.232200
2.405530	71.060500
2.407200	71.768300
2.408860	69.309900
2.410530	67.841900
2.412200	69.271600
2.413860	68.502500
2.415530	66.615700
2.417190	65.719000
2.418860	67.377600
2.420520	68.390200
2.422190	69.244100
2.423860	68.999900
2.425520	68.024800
2.427190	66.845900
2.428850	68.111300
2.430520	68.463900
2.432180	68.403500
2.433850	67.744800
2.435520	67.145300
2.437180	67.453000
2.438850	68.095900
2.440510	67.355000
2.442180	67.000000
2.443840	67.000000
2.445510	68.439900
2.447170	70.242400
2.448840	70.813500
2.450510	70.365400
2.452170	69.560200
2.453840	68.792300
2.455500	69.505100
2.457170	67.846600
2.458830	65.968600
2.460500	67.108800
2.462170	68.403400
2.463830	71.124900
2.465500	70.054300
2.467160	68.150100
2.468830	66.133200
2.470490	67.106700
2.472160	68.375200
2.473830	66.737500
2.475490	65.729100
2.477160	65.519700
2.478820	67.885000
2.480490	70.593200
2.482150	68.352100
2.483820	65.648300
2.485480	65.545400
2.487150	65.949700
2.488820	65.372500
2.490480	65.115000
2.492150	62.784500
2.493810	60.797500
2.495480	61.620600
2.497140	63.175900
2.498810	63.194000
2.500480	64.361700
2.502140	64.388800
2.503810	64.005100
2.505470	64.137700
2.507140	64.000000
2.508800	64.000000
2.510470	64.655300
2.512140	67.182600
2.513800	67.990400
2.515470	66.681800
2.517130	65.284600
2.518800	64.281500
2.520460	62.099100
2.522130	64.828500
2.523790	67.656500
2.525460	67.858500
2.527130	64.433600
2.528790	63.708600
2.530460	64.993000
2.532120	64.542100
2.533790	65.257700
2.535450	66.445400
2.537120	65.935800
2.538790	65.129400
2.540450	64.478600
2.542120	64.705200
2.543780	64.617900
2.545450	64.000000
2.547110	63.645600
2.548780	63.580600
2.550440	62.982800
2.552110	62.625000
2.553780	61.948100
2.555440	61.887700
2.557110	62.731500
2.558770	62.151800
2.560440	61.533700
2.562100	61.107900
2.563770	60.824500
2.565440	60.276100
2.567100	62.113000
2.568770	62.673100
2.570430	61.801600
2.572100	62.907400
2.573760	62.258500
2.575430	61.757600
2.577100	59.182600
2.578760	59.516800
2.580430	59.683200
2.582090	57.573600
2.583760	57.825900
2.585420	58.155900
2.587090	58.285800
2.588760	57.963700
2.590420	58.971000
2.592090	60.003900
2.593750	60.665600
2.595420	60.296800
2.597080	59.287300
2.598750	58.491300
2.600410	57.349700
2.602080	58.311200
2.603750	60.109100
2.605410	60.477000
2.607080	60.196500
2.608740	59.081500
2.610410	58.291500
2.612070	58.580000
2.613740	60.731900
2.615410	59.989700
2.617070	60.163800
2.618740	60.980800
2.620400	62.911400
2.622070	62.754800
2.623730	59.673500
2.625400	57.599800
2.627070	57.591000
2.628730	57.564600
2.630400	56.876200
2.632060	56.841900
2.633730	55.477700
2.635390	54.693800
2.637060	54.885100
2.638720	56.270700
2.640390	59.912400
2.642060	59.690700
2.643720	56.005300
2.645390	53.856200
2.647050	54.027200
2.648720	56.285700
2.650380	57.410500
2.652050	57.720200
2.653720	57.355100
2.655380	57.333300
2.657050	56.397200
2.658710	56.466000
2.660380	56.438500
2.662040	56.509800
2.663710	55.772900
2.665370	55.611700
2.667040	54.935100
2.668710	54.451700
2.670370	54.182500
2.672040	54.816700
2.673700	55.525200
2.675370	55.888600
2.677030	57.326500
2.678700	56.201700
2.680370	56.687100
2.682030	55.829400
2.683700	55.473800
2.685360	55.708500
2.687030	53.553700
2.688690	53.016800
2.690360	53.755100
2.692030	54.178400
2.693690	54.629100
2.695360	53.997300
2.697020	54.349200
2.698690	55.775000
2.700350	57.402400
2.702020	57.846100
2.703680	56.961700
2.705350	55.768400
2.707020	55.483900
2.708680	53.734200
2.710350	53.981800
2.712010	55.457300
2.713680	55.025300
2.715340	54.529700
2.717010	53.775100
2.718680	53.573500
2.720340	52.814100
2.722010	51.099700
2.723670	51.672800
2.725340	52.991300
2.727000	53.387300
2.728670	52.107100
2.730340	51.633100
2.732000	50.570100
2.733670	50.615000
2.735330	51.281300
2.737000	53.186100
2.738660	55.247800
2.740330	54.267800
2.742000	50.839800
2.743660	49.179400
2.745330	50.984300
2.746990	52.022800
2.748660	50.540200
2.750320	49.721100
2.751990	50.455500
2.753650	52.144500
2.755320	51.703500
2.756990	49.967600
2.758650	48.313200
2.760320	48.993300
2.761980	49.151600
2.763650	48.615200
2.765310	49.215000
2.766980	50.916300
2.768650	51.648900
2.770310	52.241200
2.771980	51.458700
2.773640	51.129700
2.775310	50.964000
2.776970	48.854000
2.778640	49.250200
2.780300	51.640900
2.781970	51.885200
2.783640	50.198900
2.785300	51.560300
2.786970	53.812400
2.788630	57.163400
2.790300	57.552800
2.791960	53.661700
2.793630	53.428900
2.795300	55.227400
2.796960	57.158700
2.798630	59.078900
2.800290	61.271900
2.801960	61.335100
2.803620	62.376100
2.805290	62.644500
2.806960	64.213000
2.808620	66.146300
2.810290	68.295600
2.811950	70.094200
2.813620	71.717500
2.815280	71.479500
2.816950	73.232900
2.818610	75.143400
2.820280	73.103900
2.821950	72.060100
2.823610	71.729800
2.825280	72.064900
2.826940	73.538300
2.828610	75.424700
2.830270	79.442800
2.831940	81.504300
2.833610	81.534900
2.835270	81.856000
2.836940	82.035100
2.838600	81.852300
2.840270	82.658900
2.841930	84.479600
2.843600	84.450700
2.845270	82.142300
2.846930	83.324400
2.848600	81.971500
2.850260	81.985600
2.851930	81.399600
2.853590	81.009100
2.855260	81.031500
2.856920	80.190100
2.858590	82.293300
2.860260	84.442600
2.861920	84.396700
2.863590	85.014400
2.865250	84.945000
2.866920	86.908300
2.868580	86.127300
2.870250	85.902700
2.871920	89.508100
2.873580	89.348300
2.875250	86.816600
2.876910	84.419600
2.878580	83.147100
2.880240	83.139100
2.881910	82.795500
2.883580	82.293800
2.885240	83.011900
2.886910	84.000500
2.888570	84.462000
2.890240	84.462400
2.891900	83.743800
2.893570	85.241900
2.895230	85.151200
2.896900	85.285400
2.898570	84.932200
2.900230	83.232400
2.901900	83.569500
2.903560	85.072600
2.905230	84.372800
2.906890	82.272000
2.908560	81.735800
2.910230	82.221900
2.911890	81.531400
2.913560	80.148400
2.915220	79.444400
2.916890	77.601300
2.918550	77.805700
2.920220	76.081100
2.921890	73.864900
2.923550	76.043500
2.925220	75.084600
2.926880	72.581200
2.928550	72.614500
2.930210	74.914000
2.931880	75.936500
2.933540	71.686000
2.935210	69.890100
2.936880	69.011000
2.938540	66.342000
2.940210	65.460200
2.941870	64.093100
2.943540	61.579900
2.945200	59.718200
2.946870	58.803700
2.948540	58.515100
2.950200	58.569100
2.951870	59.046000
2.953530	57.352500
2.955200	55.694700
2.956860	56.651700
2.958530	57.890900
2.960200	57.900700
2.961860	59.238500
2.963530	56.374000
2.965190	54.799400
2.966860	54.610500
2.968520	55.965600
2.970190	55.523700
2.971850	53.898300
2.973520	52.421400
2.975190	53.229800
2.976850	52.140300
2.978520	51.173800
2.980180	52.806500
2.981850	53.954700
2.983510	54.307000
2.985180	52.920900
2.986850	53.467400
2.988510	53.804500
2.990180	53.774200
2.991840	54.091000
2.993510	54.689300
2.995170	54.214700
2.996840	52.944000
2.998510	51.005200
3.000170	52.984600
3.001840	55.371300
3.003500	54.652700
3.005170	54.084300
3.006830	53.934200
3.008500	52.645000
3.010160	52.398000
3.011830	53.311500
3.013500	52.678100
3.015160	51.501700
3.016830	52.816600
3.018490	55.542300
3.020160	56.011700
3.021820	55.919700
3.023490	55.366000
3.025160	54.530500
3.026820	56.178700
3.028490	56.575800
3.030150	56.691300
3.031820	57.601200
3.033480	58.579800
3.035150	58.499200
3.036820	56.347800
3.038480	54.579300
3.040150	54.931700
3.041810	54.621400
3.043480	56.375400
3.045140	58.140300
3.046810	57.874100
3.048470	57.715100
3.050140	57.861700
3.051810	58.499500
3.053470	57.650000
3.055140	56.683300
3.056800	57.126500
3.058470	59.623100
3.060130	60.090100
3.061800	58.612600
3.063470	56.834000
3.065130	56.866400
3.066800	58.208200
3.068460	59.853600
3.070130	60.592800
3.071790	59.967500
3.073460	58.750000
3.075120	58.914100
3.076790	58.985400
3.078460	59.233900
3.080120	59.205900
3.081790	58.461200
3.083450	59.191600
3.085120	59.391900
3.086780	59.599800
3.088450	57.949000
3.090120	56.883600
3.091780	56.138000
3.093450	58.287800
3.095110	58.651300
3.096780	58.710100
3.098440	59.480500
3.100110	59.811800
3.101780	58.514500
3.103440	56.646700
3.105110	56.518000
3.106770	57.788700
3.108440	59.289700
3.110100	60.112100
3.111770	62.382100
3.113430	59.599800
3.115100	58.226300
3.116770	58.873300
3.118430	60.002800
3.120100	59.713100
3.121760	58.781200
3.123430	59.757800
3.125090	60.302000
3.126760	60.580700
3.128430	61.061900
3.130090	61.626000
3.131760	61.948800
3.133420	61.610500
3.135090	61.956200
3.136750	62.727100
3.138420	62.138500
3.140090	62.637000
3.141750	62.719100
3.143420	62.513400
3.145080	61.743000
3.146750	62.302300
3.148410	61.781100
3.150080	60.998900
3.151740	61.641700
3.153410	62.607400
3.155080	62.025900
3.156740	62.024600
3.158410	64.630400
3.160070	65.449300
3.161740	63.135600
3.163400	60.955700
3.165070	62.948800
3.166740	63.365600
3.168400	63.991100
3.170070	66.120300
3.171730	67.032300
3.173400	66.622000
3.175060	66.239600
3.176730	64.447200
3.178400	63.305200
3.180060	63.085500
3.181730	64.369000
3.183390	64.161900
3.185060	64.333300
3.186720	63.744100
3.188390	64.506900
3.190050	65.223300
3.191720	64.508100
3.193390	63.435800
3.195050	64.975100
3.196720	65.921300
3.198380	66.881800
3.200050	67.597700
3.201710	66.315300
3.203380	66.893900
3.205050	67.635900
3.206710	67.015100
3.208380	67.181200
3.210040	65.986000
3.211710	64.513500
3.213370	63.977800
3.215040	64.522900
3.216710	64.182700
3.218370	65.233200
3.220040	66.242800
3.221700	67.050900
3.223370	67.681700
3.225030	68.162000
3.226700	69.645800
3.228360	69.726500
3.230030	67.902600
3.231700	68.875000
3.233360	70.345900
3.235030	68.307600
3.236690	67.420200
3.238360	67.032400
3.240020	65.673500
3.241690	64.359100
3.243360	63.726100
3.245020	64.312400
3.246690	65.772100
3.248350	68.503800
3.250020	70.238500
3.251680	69.101400
3.253350	68.577600
3.255020	66.947900
3.256680	66.369400
3.258350	65.791800
3.260010	66.347500
3.261680	68.835100
3.263340	70.293700
3.265010	67.684100
3.266670	67.714100
3.268340	66.537800
3.270010	67.678500
3.271670	68.219200
3.273340	67.829000
3.275000	68.551500
3.276670	67.613500
3.278330	71.355300
3.280000	70.325000
3.281670	67.409800
3.283330	67.635400
3.285000	70.956000
3.286660	71.796500
3.288330	71.436800
3.289990	71.566500
3.291660	70.914000
3.293330	68.750000
3.294990	69.376600
3.296660	71.849900
3.298320	71.455300
3.299990	70.492700
3.301650	70.333200
3.303320	70.340800
3.304980	70.175700
3.306650	69.989400
3.308320	71.508200
3.309980	71.753900
3.311650	71.630800
3.313310	71.114600
3.314980	70.318900
3.316640	70.570000
3.318310	69.576100
3.319980	69.470300
3.321640	69.436100
3.323310	70.588400
3.324970	70.719800
3.326640	70.170000
3.328300	70.447000
3.329970	70.249000
3.331640	70.711200
3.333300	70.350200
3.334970	71.703200
3.336630	72.330900
3.338300	71.845200
3.339960	69.621500
3.341630	71.067000
3.343290	71.444300
3.344960	72.561500
3.346630	73.198600
3.348290	72.853400
3.349960	73.529800
3.351620	72.845900
3.353290	73.335400
3.354950	74.373800
3.356620	72.564500
3.358290	71.870500
3.359950	69.037000
3.361620	67.588400
3.363280	69.091800
3.364950	71.333000
3.366610	71.465500
3.368280	72.067700
3.369950	74.216600
3.371610	74.003900
3.373280	71.395600
3.374940	71.943600
3.376610	73.792700
3.378270	74.578500
3.379940	73.132400
3.381600	71.587000
3.383270	71.666700
3.384940	71.796200
3.386600	72.932200
3.388270	74.321300
3.389930	73.848800
3.391600	73.053100
3.393260	74.409500
3.394930	74.329700
3.396600	74.201500
3.398260	72.137800
3.399930	71.500100
3.401590	69.781300
3.403260	73.544900
3.404920	75.495300
3.406590	73.571700
3.408260	72.414300
3.409920	74.020500
3.411590	75.391200
3.413250	75.956600
3.414920	75.080700
3.416580	74.397400
3.418250	73.606800
3.419910	75.096500
3.421580	78.162000
3.423250	79.915100
3.424910	78.961400
3.426580	77.097800
3.428240	75.784900
3.429910	78.279100
3.431570	79.448200
3.433240	75.784300
3.434910	74.733300
3.436570	73.814400
3.438240	75.117500
3.439900	78.267700
3.441570	78.050900
3.443230	77.495200
3.444900	78.522300
3.446570	77.787600
3.448230	78.530500
3.449900	78.623100
3.451560	77.631000
3.453230	77.297500
3.454890	78.048100
3.456560	77.283100
3.458220	75.442900
3.459890	74.891600
3.461560	74.670300
3.463220	73.712900
3.464890	72.242600
3.466550	72.467400
3.468220	74.856100
3.469880	74.857700
3.471550	76.024600
3.473220	77.080500
3.474880	76.195000
3.476550	75.707600
3.478210	76.007600
3.479880	75.277400
3.481540	75.061100
3.483210	75.820900
3.484870	75.059700
3.486540	74.882000
3.488210	75.780500
3.489870	76.219400
3.491540	75.452200
3.493200	76.020200
3.494870	75.095500
3.496530	75.198000
3.498200	74.742900
3.499870	74.472500
3.501530	75.607100
3.503200	77.082100
3.504860	75.662100
3.506530	77.275900
3.508190	78.568400
3.509860	78.711500
3.511530	79.286000
3.513190	77.355500
3.514860	76.073800
3.516520	76.975300
3.518190	76.139500
3.519850	74.540700
3.521520	74.184700
3.523180	76.145800
3.524850	78.333300
3.526520	78.071000
3.528180	77.197900
3.529850	77.464600
3.531510	78.016300
3.533180	78.235300
3.534840	77.245300
3.536510	75.860500
3.538180	77.901400
3.539840	80.416300
3.541510	80.775900
3.543170	79.073200
3.544840	76.608500
3.546500	75.461400
3.548170	75.436700
3.549840	76.839200
3.551500	76.886800
3.553170	74.699700
3.554830	75.013100
3.556500	78.414300
3.558160	78.512100
3.559830	77.701700
3.561490	80.043200
3.563160	80.265100
3.564830	79.872500
3.566490	79.449800
3.568160	79.484400
3.569820	79.008000
3.571490	78.336500
3.573150	78.335100
3.574820	78.333300
3.576490	78.848100
3.578150	79.179300
3.579820	78.380100
3.581480	78.712400
3.583150	81.696500
3.584810	83.620800
3.586480	83.221200
3.588150	81.441100
3.589810	79.773500
3.591480	77.519800
3.593140	78.824300
3.594810	81.097100
3.596470	80.564200
3.598140	78.937000
3.599800	80.364600
3.601470	80.921200
3.603140	79.454100
3.604800	79.456000
3.606470	80.063500
3.608130	79.930100
3.609800	80.353100
3.611460	80.850100
3.613130	80.709400
3.614800	81.957800
3.616460	82.883000
3.618130	81.760800
3.619790	79.721400
3.621460	79.884400
3.623120	79.808000
3.624790	78.997800
3.626460	79.729700
3.628120	80.044300
3.629790	79.956800
3.631450	79.106900
3.633120	79.704700
3.634780	80.014400
3.636450	80.268500
3.638110	80.518800
3.639780	80.521200
3.641450	79.578700
3.643110	77.905100
3.644780	79.117300
3.646440	81.116800
3.648110	82.288800
3.649770	81.527300
3.651440	84.565400
3.653110	84.751400
3.654770	83.666700
3.656440	83.051200
3.658100	82.184900
3.659770	80.440800
3.661430	79.813800
3.663100	81.593400
3.664770	81.332200
3.666430	81.289400
3.668100	81.406800
3.669760	81.440500
3.671430	82.121200
3.673090	81.964900
3.674760	82.051200
3.676420	82.492000
3.678090	83.448800
3.679760	83.240500
3.681420	79.672700
3.683090	79.962900
3.684750	82.468000
3.686420	84.292400
3.688080	83.672200
3.689750	81.091200
3.691420	81.009100
3.693080	82.925700
3.694750	84.704300
3.696410	85.139400
3.698080	85.027800
3.699740	83.733500
3.701410	82.268400
3.703080	82.140500
3.704740	82.517600
3.706410	82.062800
3.708070	82.694400
3.709740	83.361200
3.711400	82.794300
3.713070	83.162900
3.714730	83.686800
3.716400	83.113400
3.718070	83.388300
3.719730	85.045400
3.721400	84.991700
3.723060	84.937000
3.724730	85.104100
3.726390	84.558600
3.728060	84.898300
3.729730	84.210500
3.731390	85.224900
3.733060	82.657200
3.734720	82.219000
3.736390	82.867200
3.738050	84.077100
3.739720	82.064600
3.741390	81.723400
3.743050	79.937200
3.744720	80.864700
3.746380	82.636200
3.748050	83.215800
3.749710	84.659200
3.751380	85.658400
3.753040	87.458800
3.754710	87.370000
3.756380	87.063100
3.758040	84.355200
3.759710	82.328500
3.761370	80.961700
3.763040	82.214700
3.764700	83.312500
3.766370	84.034800
3.768040	83.333300
3.769700	84.549100
3.771370	85.006700
3.773030	85.563300
3.774700	86.719400
3.776360	86.666700
3.778030	85.533900
3.779700	84.988000
3.781360	84.568600
3.783030	82.194700
3.784690	82.334700
3.786360	83.660300
3.788020	84.322500
3.789690	83.675800
3.791350	84.167200
3.793020	84.416900
3.794690	84.692800
3.796350	83.337100
3.798020	83.313300
3.799680	84.639900
3.801350	83.333000
3.803010	83.447000
3.804680	85.537000
3.806350	87.105500
3.808010	87.838600
3.809680	88.579200
3.811340	88.084100
3.813010	86.740700
3.814670	87.080400
3.816340	87.833300
3.818000	87.545100
3.819670	85.343600
3.821340	86.239300
3.823000	86.513600
3.824670	84.517200
3.826330	83.555600
3.828000	85.124400
3.829660	84.987700
3.831330	85.558800
3.833000	87.231800
3.834660	87.425500
3.836330	85.917900
3.837990	85.384100
3.839660	84.983700
3.841320	84.826300
3.842990	83.358800
3.844660	82.728000
3.846320	85.262300
3.847990	86.291200
3.849650	86.404700
3.851320	84.991600
3.852980	84.281900
3.854650	86.315600
3.856320	87.559800
3.857980	88.734700
3.859650	89.168600
3.861310	87.549700
3.862980	86.673900
3.864640	86.997200
3.866310	87.692400
3.867970	88.050500
3.869640	88.747200
3.871310	87.375400
3.872970	87.814200
3.874640	89.791900
3.876300	91.195300
3.877970	89.639200
3.879630	87.650700
3.881300	86.102600
3.882970	87.119600
3.884630	87.314000
3.886300	87.734200
3.887960	88.070400
3.889630	87.989100
3.891290	87.579300
3.892960	86.487900
3.894620	85.082400
3.896290	86.495500
3.897960	86.892400
3.899620	87.235200
3.901290	88.300700
3.902950	87.628000
3.904620	86.208000
3.906280	84.910900
3.907950	84.937800
3.909620	84.419100
3.911280	86.121900
3.912950	86.329000
3.914610	86.598900
3.916280	87.503200
3.917940	87.427700
3.919610	87.122900
3.921280	86.666700
3.922940	87.061700
3.924610	88.216900
3.926270	89.835900
3.927940	88.385000
3.929600	87.995300
3.931270	87.460400
3.932930	86.693400
3.934600	87.996800
3.936270	88.274300
3.937930	86.520200
3.939600	86.525600
3.941260	86.867600
3.942930	86.732600
3.944590	84.794500
3.946260	82.812500
3.947930	83.569900
3.949590	85.069800
3.951260	85.739100
3.952920	87.536800
3.954590	87.205400
3.956250	87.436800
3.957920	86.335400
3.959590	87.635400
3.961250	87.496700
3.962920	86.440500
3.964580	86.427800
3.966250	87.292100
3.967910	87.164900
3.969580	87.769200
3.971240	87.431700
3.972910	86.864300
3.974580	85.494900
3.976240	85.661800
3.977910	84.495600
3.979570	84.904100
3.981240	86.717100
3.982900	88.550600
3.984570	87.899000
3.986240	88.851900
3.987900	88.705700
3.989570	88.068100
3.991230	87.995800
3.992900	88.894400
3.994560	90.307100
3.996230	89.182100
3.997900	88.235400
3.999560	88.464600
4.001230	88.789700
4.002890	88.691700
4.004560	87.981700
4.006220	88.614000
4.007890	89.160100
4.009560	87.777600
4.011220	89.328100
4.012890	89.896600
4.014550	89.418300
4.016220	89.526300
4.017880	90.401700
4.019550	91.094200
4.021210	89.869600
4.022880	88.239900
4.024550	88.406900
4.026210	89.221900
4.027880	89.923400
4.029540	88.493200
4.031210	86.425600
4.032870	86.668900
4.034540	88.356500
4.036210	88.333300
4.037870	88.954900
4.039540	89.197700
4.041200	87.956100
4.042870	88.372800
4.044530	89.476800
4.046200	89.428400
4.047860	88.286100
4.049530	87.383800
4.051200	88.543400
4.052860	89.907600
4.054530	88.712600
4.056190	87.993900
4.057860	87.302100
4.059520	88.969900
4.061190	90.154500
4.062860	89.507700
4.064520	89.557300
4.066190	90.584000
4.067850	88.820300
4.069520	87.975400
4.071180	87.871000
4.072850	89.284100
4.074520	88.891100
4.076180	88.992300
4.077850	90.030400
4.079510	90.162600
4.081180	92.766700
4.082840	90.946900
4.084510	87.934100
4.086170	87.853300
4.087840	88.600700
4.089510	89.541800
4.091170	90.029100
4.092840	89.949600
4.094500	89.213800
4.096170	88.706700
4.097830	89.489000
4.099500	90.145500
4.101170	89.570300
4.102830	88.993900
4.104500	91.246100
4.106160	94.179600
4.107830	93.509200
4.109490	92.409300
4.111160	90.036100
4.112830	89.461200
4.114490	90.007500
4.116160	90.681200
4.117820	90.355200
4.119490	91.280200
4.121150	91.418200
4.122820	92.276000
4.124480	91.751800
4.126150	91.213500
4.127820	91.701900
4.129480	91.481500
4.131150	92.051400
4.132810	93.018900
4.134480	93.379800
4.136140	93.725300
4.137810	95.026800
4.139480	94.898500
4.141140	93.552700
4.142810	92.534100
4.144470	90.332200
4.146140	90.092300
4.147800	90.252000
4.149470	92.095700
4.151140	92.603800
4.152800	92.338300
4.154470	90.814100
4.156130	90.258300
4.157800	90.819500
4.159460	91.517200
4.161130	92.465500
4.162790	93.189700
4.164460	93.843800
4.166130	92.700800
4.167790	92.646800
4.169460	91.336200
4.171120	92.995200
4.172790	93.128600
4.174450	89.100500
4.176120	89.173200
4.177790	89.091800
4.179450	90.775800
4.181120	91.590100
4.182780	91.320800
4.184450	92.328300
4.186110	93.104300
4.187780	90.423900
4.189450	89.061600
4.191110	90.571500
4.192780	92.448100
4.194440	91.705800
4.196110	90.969600
4.197770	90.483300
4.199440	92.459400
4.201100	93.175900
4.202770	93.062000
4.204440	94.720700
4.206100	91.167500
4.207770	91.140500
4.209430	91.715000
4.211100	90.515300
4.212760	90.397400
4.214430	89.984700
4.216100	90.677500
4.217760	91.676800
4.219430	92.185000
4.221090	92.652400
4.222760	93.742100
4.224420	93.417000
4.226090	92.664500
4.227760	92.198000
4.229420	91.575400
4.231090	91.245800
4.232750	90.062200
4.234420	90.803200
4.236080	93.353600
4.237750	93.008300
4.239410	92.120400
4.241080	92.529800
4.242750	93.883600
4.244410	94.725100
4.246080	93.276700
4.247740	91.055300
4.249410	91.631700
4.251070	92.956700
4.252740	93.557500
4.254410	93.085700
4.256070	91.988100
4.257740	91.982400
4.259400	92.366000
4.261070	92.312400
4.262730	91.386700
4.264400	92.066400
4.266060	93.132000
4.267730	93.668300
4.269400	94.730200
4.271060	94.441000
4.272730	93.106600
4.274390	92.324500
4.276060	93.302200
4.277720	92.502000
4.279390	91.117200
4.281060	92.251100
4.282720	93.316200
4.284390	92.853400
4.286050	92.747300
4.287720	93.295500
4.289380	93.628900
4.291050	93.200200
4.292720	92.313200
4.294380	91.770100
4.296050	91.147600
4.297710	91.074700
4.299380	91.144700
4.301040	90.365400
4.302710	91.532900
4.304370	90.543000
4.306040	90.840800
4.307710	91.449100
4.309370	93.182200
4.311040	95.124300
4.312700	95.430600
4.314370	95.135000
4.316030	95.892300
4.317700	96.287200
4.319370	96.667900
4.321030	97.713600
4.322700	96.417500
4.324360	92.891700
4.326030	93.586700
4.327690	93.371900
4.329360	93.206700
4.331030	95.746700
4.332690	94.542300
4.334360	92.669900
4.336020	94.441300
4.337690	96.595200
4.339350	95.206800
4.341020	93.286600
4.342680	94.006100
4.344350	94.150100
4.346020	93.045900
4.347680	91.135600
4.349350	89.596500
4.351010	90.359200
4.352680	92.114600
4.354340	93.655200
4.356010	95.880500
4.357680	96.437000
4.359340	96.253400
4.361010	94.787900
4.362670	91.842000
4.364340	93.557800
4.366000	94.396700
4.367670	94.202000
4.369340	93.711200
4.371000	94.407700
4.372670	93.961600
4.374330	94.050900
4.376000	96.366500
4.377660	94.770000
4.379330	94.079900
4.380990	94.316500
4.382660	93.976700
4.384330	93.793700
4.385990	94.355700
4.387660	93.037000
4.389320	93.660400
4.390990	93.485000
4.392650	92.048600
4.394320	92.281700
4.395990	95.788900
4.397650	96.764000
4.399320	95.183200
4.400980	95.869700
4.402650	96.000000
4.404310	95.393800
4.405980	94.246300
4.407650	93.755500
4.409310	93.806700
4.410980	92.230500
4.412640	91.064400
4.414310	91.602800
4.415970	92.366700
4.417640	92.616000
4.419300	93.048700
4.420970	93.666700
4.422640	94.652700
4.424300	94.631700
4.425970	91.991500
4.427630	93.106500
4.429300	94.535800
4.430960	94.042900
4.432630	92.815900
4.434300	92.883400
4.435960	92.829400
4.437630	93.296700
4.439290	94.743100
4.440960	95.092500
4.442620	93.010500
4.444290	93.239900
4.445960	94.088300
4.447620	94.666700
4.449290	95.175200
4.450950	95.179200
4.452620	94.098400
4.454280	94.975400
4.455950	95.343900
4.457620	95.620800
4.459280	94.976300
4.460950	93.796800
4.462610	92.786800
4.464280	93.463600
4.465940	93.839400
4.467610	92.933500
4.469270	93.937100
4.470940	93.979800
4.472610	92.429900
4.474270	92.466000
4.475940	94.840000
4.477600	94.570200
4.479270	94.882300
4.480930	94.958100
4.482600	94.577900
4.484260	95.213000
4.485930	95.143400
4.487600	95.549900
4.489260	95.387700
4.490930	95.985200
4.492590	96.489200
4.494260	96.666700
4.495920	96.083200
4.497590	95.332600
4.499260	94.666700
4.500920	94.630400
4.502590	93.469300
4.504250	94.180200
4.505920	94.854400
4.507580	94.493400
4.509250	93.379500
4.510920	92.149100
4.512580	92.382800
4.514250	91.900200
4.515910	90.738700
4.517580	91.385600
4.519240	93.240400
4.520910	93.865600
4.522580	94.245900
4.524240	93.509500
4.525910	93.966200
4.527570	94.543100
4.529240	94.666700
4.530900	94.389100
4.532570	93.662600
4.534230	92.522600
4.535900	92.027100
4.537570	92.830100
4.539230	93.320400
4.540900	94.547000
4.542560	95.272400
4.544230	95.829600
4.545890	95.346500
4.547560	96.386700
4.549230	97.475000
4.550890	97.837700
4.552560	95.209500
4.554220	94.229100
4.555890	93.644300
4.557550	93.882700
4.559220	93.795000
4.560890	96.723900
4.562550	97.966600
4.564220	95.828700
4.565880	92.994600
4.567550	94.320700
4.569210	94.758600
4.570880	94.998600
4.572540	94.601100
4.574210	93.908900
4.575880	94.668300
4.577540	93.868600
4.579210	92.800000
4.580870	93.136100
4.582540	94.187400
4.584200	94.636200
4.585870	94.874100
4.587540	95.243200
4.589200	94.818500
4.590870	95.555200
4.592530	96.340300
4.594200	96.755500
4.595860	96.680300
4.597530	95.940600
4.599200	96.023300
4.600860	96.062200
4.602530	95.333300
4.604190	96.471700
4.605860	98.036600
4.607520	100.320200
4.609190	98.966500
4.610850	97.364700
4.612520	94.902900
4.614190	95.262200
4.615850	96.022100
4.617520	94.843200
4.619180	93.827600
4.620850	93.625700
4.622510	93.764900
4.624180	95.536200
4.625850	96.238500
4.627510	95.937500
4.629180	98.546700
4.630840	98.570200
4.632510	97.631500
4.634170	99.329300
4.635840	96.681900
4.637510	95.666700
4.639170	95.803200
4.640840	95.920900
4.642500	96.646100
4.644170	96.849500
4.645830	96.270900
4.647500	95.968300
4.649160	95.405400
4.650830	95.117500
4.652500	96.130000
4.654160	95.546200
4.655830	96.142300
4.657490	96.449200
4.659160	96.667500
4.660820	96.666700
4.662490	96.672800
4.664160	97.605200
4.665820	96.898900
4.667490	95.815800
4.669150	95.021700
4.670820	96.078000
4.672480	96.361700
4.674150	95.676400
4.675810	95.268400
4.677480	95.120800
4.679150	92.949800
4.680810	93.539500
4.682480	96.054200
4.684140	96.405500
4.685810	95.600300
4.687470	96.162300
4.689140	96.616300
4.690810	95.760600
4.692470	95.066000
4.694140	94.963100
4.695800	95.251500
4.697470	97.819100
4.699130	97.468000
4.700800	97.132300
4.702470	96.608200
4.704130	93.868500
4.705800	91.702900
4.707460	92.066200
4.709130	94.289900
4.710790	95.598300
4.712460	96.525900
4.714120	96.705000
4.715790	95.664300
4.717460	94.438800
4.719120	94.448500
4.720790	95.411100
4.722450	97.705300
4.724120	98.439100
4.725780	97.699000
4.727450	97.650100
4.729120	98.313800
4.730780	98.799500
4.732450	96.579100
4.734110	95.111400
4.735780	95.456900
4.737440	94.993200
4.739110	93.457700
4.740780	94.195600
4.742440	94.286500
4.744110	94.378700
4.745770	94.819400
4.747440	92.453100
4.749100	93.463900
4.750770	94.729100
4.752430	93.895200
4.754100	94.351300
4.755770	97.687600
4.757430	96.613800
4.759100	95.499700
4.760760	96.214300
4.762430	96.725200
4.764090	96.822800
4.765760	96.195400
4.767430	95.369700
4.769090	95.618700
4.770760	96.996500
4.772420	97.490700
4.774090	98.601200
4.775750	98.179700
4.777420	98.319000
4.779090	97.646300
4.780750	97.747900
4.782420	96.775000
4.784080	96.333300
4.785750	96.333300
4.787410	96.541200
4.789080	96.304500
4.790740	97.400600
4.792410	97.865700
4.794080	97.622100
4.795740	96.543400
4.797410	94.219700
4.799070	93.507900
4.800740	94.997500
4.802400	96.525100
4.804070	96.915300
4.805740	97.402000
4.807400	97.276900
4.809070	97.908800
4.810730	98.083700
4.812400	97.580100
4.814060	97.354400
4.815730	98.119600
4.817400	98.090800
4.819060	95.061900
4.820730	93.221600
4.822390	94.452000
4.824060	95.381600
4.825720	95.333300
4.827390	95.080700
4.829050	95.025800
4.830720	95.294800
4.832390	96.071800
4.834050	97.460600
4.835720	98.360600
4.837380	98.418300
4.839050	97.924000
4.840710	97.957100
4.842380	97.628500
4.844050	96.050600
4.845710	96.499100
4.847380	96.207200
4.849040	95.342800
4.850710	95.455400
4.852370	95.354700
4.854040	95.667500
4.855710	95.608100
4.857370	95.160600
4.859040	94.404500
4.860700	93.430100
4.862370	94.757000
4.864030	96.695300
4.865700	96.692900
4.867370	96.497400
4.869030	96.360800
4.870700	96.949800
4.872360	96.941700
4.874030	96.373400
4.875690	96.187300
4.877360	95.514300
4.879020	94.591600
4.880690	94.956800
4.882360	94.263300
4.884020	95.189100
4.885690	96.519500
4.887350	95.995100
4.889020	97.076400
4.890680	98.501700
4.892350	97.494300
4.894010	97.424500
4.895680	97.107000
4.897350	96.375100
4.899010	95.570600
4.900680	95.831600
4.902340	96.354300
4.904010	97.414200
4.905670	99.065300
4.907340	97.750200
4.909010	97.488200
4.910670	97.838000
4.912340	97.788900
4.914000	96.058000
4.915670	95.537800
4.917330	97.643300
4.919000	98.621900
4.920670	98.116900
4.922330	98.490000
4.924000	97.777400
4.925660	97.181600
4.927330	97.336200
4.928990	96.139400
4.930660	95.374300
4.932330	96.892500
4.933990	96.664900
4.935660	96.755700
4.937320	97.707300
4.938990	99.990300
4.940650	100.344500
4.942320	100.501400
4.943980	99.577000
4.945650	99.200100
4.947320	98.599700
4.948980	97.631900
4.950650	97.924900
4.952310	97.186300
4.953980	96.436900
4.955640	97.764200
4.957310	97.147300
4.958980	96.502700
4.960640	96.083300
4.962310	96.351800
4.963970	97.250300
4.965640	97.777400
4.967300	98.622600
4.968970	98.436500
4.970640	96.522100
4.972300	96.358100
4.973970	96.121200
4.975630	97.436700
4.977300	96.878900
4.978960	97.069400
4.980630	97.460900
4.982290	96.851600
4.983960	96.731100
4.985630	96.836600
4.987290	96.666700
4.988960	96.672200
4.990620	96.947400
4.992290	96.700000
4.993950	96.703000
4.995620	97.122400
4.997290	97.000000
4.998950	96.913900
5.000620	97.865300
5.002280	96.908800
5.003950	95.483300
5.005610	94.304500
5.007280	95.955700
5.008950	97.015600
5.010610	96.695400
5.012280	96.476300
5.013940	95.568900
5.015610	94.830400
5.017270	95.341600
5.018940	95.722200
5.020600	95.773900
5.022270	95.417100
5.023940	95.726400
5.025600	96.300500
5.027270	96.763900
5.028930	96.877200
5.030600	96.040000
5.032260	96.000000
5.033930	96.463200
5.035600	97.079800
5.037260	96.557900
5.038930	96.881400
5.040590	97.625800
5.042260	98.290000
5.043920	97.583500
5.045590	96.980300
5.047260	97.702700
5.048920	98.875900
5.050590	99.400400
5.052250	96.986000
5.053920	96.540900
5.055580	96.591600
5.057250	97.513600
5.058910	97.658200
5.060580	97.420000
5.062250	97.288600
5.063910	97.160000
5.065580	97.666700
5.067240	97.692000
5.068910	97.614700
5.070570	97.465700
5.072240	98.077500
5.073910	98.241700
5.075570	97.570000
5.077240	98.492300
5.078900	98.336400
5.080570	97.873100
5.082230	98.252800
5.083900	97.617200
5.085570	97.386400
5.087230	99.171500
5.088900	99.537400
5.090560	100.797000
5.092230	100.549800
5.093890	99.078200
5.095560	99.047700
5.097220	101.002500
5.098890	100.252500
5.100560	98.470500
5.102220	97.143000
5.103890	99.431700
5.105550	99.882200
5.107220	99.611900
5.108880	98.737200
5.110550	98.005700
5.112220	98.340900
5.113880	99.677700
5.115550	97.463600
5.117210	94.979400
5.118880	96.012900
5.120540	98.311000
5.122210	98.281700
5.123870	97.202800
5.125540	96.221200
5.127210	97.383200
5.128870	98.125600
5.130540	98.666700
5.132200	98.587700
5.133870	97.044400
5.135530	96.868600
5.137200	97.239500
5.138870	98.572500
5.140530	99.481100
5.142200	98.940500
5.143860	98.896100
5.145530	98.720100
5.147190	98.935600
5.148860	96.542400
5.150530	95.776400
5.152190	95.344100
5.153860	96.266200
5.155520	95.974500
5.157190	96.099700
5.158850	96.737500
5.160520	96.920100
5.162180	96.989300
5.163850	96.784700
5.165520	97.275800
5.167180	97.337400
5.168850	96.521100
5.170510	95.683100
5.172180	96.660200
5.173840	96.449700
5.175510	96.717800
5.177180	96.177300
5.178840	96.084100
5.180510	96.758600
5.182170	97.745500
5.183840	98.802000
5.185500	98.845900
5.187170	97.772000
5.188840	97.151000
5.190500	97.742100
5.192170	97.630000
5.193830	97.434300
5.195500	96.082800
5.197160	95.592400
5.198830	96.515000
5.200490	97.959100
5.202160	97.264700
5.203830	96.795700
5.205490	98.035100
5.207160	97.456300
5.208820	96.649100
5.210490	97.962500
5.212150	98.524500
5.213820	98.655900
5.215490	99.531600
5.217150	98.636600
5.218820	98.119900
5.220480	97.437000
5.222150	98.167700
5.223810	99.474300
5.225480	98.969500
5.227150	96.523200
5.228810	97.332300
5.230480	97.302400
5.232140	97.388000
5.233810	98.741400
5.235470	100.305600
5.237140	100.253000
5.238800	100.933400
5.240470	101.305600
5.242140	98.949800
5.243800	98.333300
5.245470	98.119800
5.247130	98.528800
5.248800	98.863200
5.250460	98.782500
5.252130	100.449600
5.253800	98.438700
5.255460	96.122400
5.257130	97.752700
5.258790	99.033000
5.260460	97.471700
5.262120	99.299300
5.263790	99.193600
5.265460	98.953900
5.267120	99.496900
5.268790	98.491300
5.270450	97.908100
5.272120	98.572300
5.273780	99.345700
5.275450	99.344200
5.277120	99.022600
5.278780	97.795500
5.280450	97.007700
5.282110	95.718100
5.283780	95.363300
5.285440	94.961200
5.287110	95.293700
5.288770	94.826900
5.290440	95.305100
5.292110	96.666700
5.293770	96.737400
5.295440	96.780000
5.297100	97.661800
5.298770	96.983500
5.300430	97.073600
5.302100	98.292500
5.303770	96.853500
5.305430	97.501200
5.307100	97.897700
5.308760	99.134100
5.310430	98.440900
5.312090	96.606400
5.313760	95.669200
5.315420	95.670200
5.317090	97.095900
5.318760	97.758600
5.320420	98.948900
5.322090	99.021700
5.323750	99.201600
5.325420	99.516100
5.327080	99.313700
5.328750	96.897400
5.330420	97.299000
5.332080	97.754000
5.333750	97.523800
5.335410	98.479100
5.337080	98.521700
5.338740	98.871600
5.340410	97.442700
5.342080	96.950000
5.343740	98.046600
5.345410	98.511700
5.347070	97.615600
5.348740	97.666700
5.350400	97.368900
5.352070	96.477700
5.353730	96.744900
5.355400	97.052000
5.357070	96.461300
5.358730	96.866800
5.360400	99.239000
5.362060	99.691000
5.363730	99.596900
5.365390	98.651900
5.367060	97.083200
5.368730	96.011500
5.370390	97.638800
5.372060	98.367400
5.373720	98.629700
5.375390	99.949000
5.377050	99.516100
5.378720	98.987700
5.380390	98.889100
5.382050	98.854400
5.383720	98.700200
5.385380	98.586100
5.387050	97.713000
5.388710	98.545200
5.390380	99.346100
5.392040	99.014400
5.393710	98.866600
5.395380	98.540200
5.397040	98.000000
5.398710	98.000000
5.400370	98.668600
5.402040	99.350900
5.403700	100.115500
5.405370	100.502300
5.407040	99.554800
5.408700	99.163800
5.410370	98.329500
5.412030	96.916400
5.413700	95.767600
5.415360	96.243100
5.417030	97.617400
5.418700	96.352000
5.420360	96.314600
5.422030	97.170400
5.423690	97.105300
5.425360	97.964200
5.427020	98.117400
5.428690	96.884300
5.430350	95.989500
5.432020	95.367300
5.433690	95.504100
5.435350	95.392400
5.437020	95.532600
5.438680	95.861300
5.440350	95.813700
5.442010	96.669900
5.443680	97.165200
5.445350	97.387200
5.447010	97.383300
5.448680	96.694700
5.450340	97.926500
5.452010	99.906100
5.453670	101.627700
5.455340	101.264200
5.457010	100.069500
5.458670	99.418400
5.460340	98.143000
5.462000	97.340400
5.463670	98.175200
5.465330	98.558500
5.467000	99.675200
5.468660	100.320000
5.470330	99.489700
5.472000	99.235100
5.473660	98.946700
5.475330	97.767600
5.476990	98.089200
5.478660	97.846400
5.480320	98.339100
5.481990	99.091400
5.483660	98.041400
5.485320	98.169000
5.486990	98.075700
5.488650	97.290000
5.490320	97.535700
5.491980	97.048900
5.493650	96.135700
5.495320	96.145500
5.496980	96.724700
5.498650	97.309600
5.500310	97.967200
5.501980	96.169000
5.503640	96.649100
5.505310	97.298700
5.506970	97.825300
5.508640	98.425100
5.510310	99.166700
5.511970	98.128200
5.513640	97.364600
5.515300	96.914100
5.516970	95.574700
5.518630	97.681200
5.520300	98.554200
5.521970	98.333300
5.523630	98.274700
5.525300	98.588300
5.526960	97.666800
5.528630	96.229300
5.530290	94.776100
5.531960	95.683900
5.533620	95.712800
5.535290	96.083400
5.536960	95.804600
5.538620	95.556500
5.540290	94.799100
5.541950	94.866800
5.543620	95.070100
5.545280	95.809500
5.546950	98.227400
5.548620	98.488100
5.550280	96.964300
5.551950	96.594600
5.553610	95.854200
5.555280	95.456900
5.556940	95.631600
5.558610	95.857400
5.560280	95.849300
5.561940	95.610500
5.563610	95.307000
5.565270	94.240200
5.566940	95.664300
5.568600	95.503300
5.570270	93.374400
5.571930	94.830100
5.573600	96.487600
5.575270	97.732000
5.576930	99.163000
5.578600	97.034000
5.580260	95.902800
5.581930	97.475000
5.583590	97.699700
5.585260	95.595600
5.586930	92.851800
5.588590	95.298700
5.590260	95.580000
5.591920	94.701300
5.593590	95.410500
5.595250	96.000000
5.596920	96.277900
5.598590	95.574800
5.600250	94.549500
5.601920	95.211200
5.603580	94.133900
5.605250	93.107300
5.606910	93.121000
5.608580	91.451300
5.610240	92.598600
5.611910	92.583600
5.613580	91.612800
5.615240	92.214900
5.616910	92.181200
5.618570	92.874600
5.620240	92.465100
5.621900	91.913000
5.623570	92.289100
5.625240	92.033400
5.626900	91.372400
5.628570	90.847100
5.630230	89.617100
5.631900	89.060000
5.633560	88.841400
5.635230	87.985600
5.636900	87.004400
5.638560	85.100400
5.640230	85.232900
5.641890	84.818600
5.643560	83.449900
5.645220	82.447600
5.646890	81.336000
5.648550	80.359500
5.650220	80.428700
5.651890	80.509700
5.653550	79.172700
5.655220	78.477100
5.656880	79.484900
5.658550	79.222000
5.660210	75.786800
5.661880	72.469200
5.663550	71.547000
5.665210	72.915000
5.666880	72.925900
5.668540	71.549900
5.670210	69.725200
5.671870	68.983300
5.673540	68.502300
5.675210	69.031200
5.676870	69.888900
5.678540	68.113800
5.680200	67.171500
5.681870	66.655000
5.683530	64.254600
5.685200	63.148400
5.686860	63.175000
5.688530	64.477400
5.690200	67.184900
5.691860	64.519800
5.693530	61.150700
5.695190	59.671200
5.696860	60.413500
5.698520	61.035000
5.700190	60.433900
5.701860	60.129100
5.703520	62.832800
5.705190	64.969500
5.706850	65.788600
5.708520	64.309600
5.710180	61.524500
5.711850	59.670400
5.713520	61.265100
5.715180	61.320000
5.716850	59.870600
5.718510	60.385300
5.720180	62.163600
5.721840	61.375100
5.723510	61.500000
